#    Z       m        H              D           He3            He4          C12         C13P          N14P         O16               Mrem     C13           N14
  0.0000    0.80   -0.122E-01   -0.192E-04   -0.116E-04    0.158E-01    0.276E-03    0.000E+00    0.000E+00     0.721E-04          0.48    0.000E+00    0.741E-05
  0.0000    0.90   -0.177E-01   -0.213E-04   -0.129E-04    0.133E-01    0.105E-04    0.000E+00    0.000E+00     0.322E-04          0.50    0.000E+00    0.519E-05
  0.0000    1.00   -0.146E-01   -0.226E-04   -0.136E-04    0.146E-01    0.000E+00    0.000E+00    0.000E+00     0.000E+00          0.53    0.000E+00    0.347E-05
  0.0000    1.30   -0.267E-01   -0.258E-04   -0.156E-04    0.228E-01    0.318E-02    0.000E+00    0.000E+00     0.298E-03          0.60    0.000E+00    0.313E-05
  0.0000    1.50   -0.267E-01   -0.282E-04   -0.170E-04    0.207E-01    0.355E-02    0.000E+00    0.000E+00     0.293E-03          0.62    0.000E+00    0.000E+00
  0.0000    1.70   -0.232E-01   -0.294E-04   -0.177E-04    0.191E-01    0.340E-02    0.000E+00    0.000E+00     0.281E-03          0.66    0.000E+00    0.000E+00
  0.0000    2.00   -0.281E-01   -0.312E-04   -0.189E-04    0.231E-01    0.453E-02    0.000E+00    0.000E+00     0.394E-03          0.70    0.000E+00    0.000E+00
  0.0000    2.50   -0.207E-01   -0.332E-04   -0.201E-04    0.143E-01    0.464E-02    0.000E+00    0.000E+00     0.420E-03          0.77    0.000E+00    0.000E+00
  0.0000    3.00   -0.175E-01   -0.341E-04   -0.206E-04    0.920E-02    0.383E-02    0.000E+00    0.000E+00     0.357E-03          0.87    0.000E+00    0.000E+00
  0.0000    3.50   -0.189E-01   -0.357E-04   -0.215E-04    0.155E-01    0.251E-02    0.117E-03    0.273E-02     0.423E-03          0.90    0.000E+00    0.000E+00
  0.0000    4.00   -0.262E-01   -0.371E-04   -0.224E-04    0.202E-01    0.117E-02    0.208E-03    0.480E-02     0.483E-03          0.91    0.000E+00    0.000E+00
  0.0000    4.50   -0.594E+00   -0.379E-04   -0.229E-04    0.218E-01    0.922E-03    0.115E-03    0.582E-02     0.473E-03          0.95    0.000E+00    0.104E-05
  0.0000    5.00   -0.309E-01   -0.386E-04   -0.233E-04    0.229E-01    0.676E-03    0.408E-04    0.662E-02     0.462E-03          0.98    0.000E+00    0.320E-05
  0.0000    6.00   -0.374E-01   -0.396E-04   -0.239E-04    0.291E-01    0.763E-03    0.640E-04    0.785E-02     0.315E-03          1.05    0.000E+00    0.900E-05
  0.0000    7.00   -0.438E-01   -0.403E-04   -0.243E-04    0.324E-01    0.850E-03    0.807E-04    0.871E-02     0.169E-03          1.13    0.000E+00    0.132E-04
  0.0000    8.00   -0.368E-01   -0.358E-04   -0.216E-04    0.280E-01    0.679E-03    0.938E-04    0.937E-02     0.186E-03          2.04    0.000E+00    0.000E+00
  0.0001    0.80   -0.146E-01   -0.192E-04   -0.116E-04    0.149E-01    0.246E-03    0.000E+00    0.000E+00     0.645E-04          0.48   -0.566E-07    0.665E-05
  0.0001    0.90   -0.115E-01   -0.208E-04   -0.126E-04    0.160E-01    0.739E-05    0.000E+00    0.000E+00     0.295E-04          0.51   -0.613E-07    0.484E-05
  0.0001    1.00   -0.155E-01   -0.226E-04   -0.136E-04    0.136E-01   -0.705E-05    0.000E+00    0.000E+00    -0.421E-05          0.53   -0.665E-07    0.334E-05
  0.0001    1.30   -0.273E-01   -0.258E-04   -0.156E-04    0.228E-01    0.315E-02    0.000E+00    0.000E+00     0.294E-03          0.60   -0.762E-07    0.307E-05
  0.0001    1.50   -0.259E-01   -0.282E-04   -0.170E-04    0.213E-01    0.351E-02    0.000E+00    0.000E+00     0.294E-03          0.62   -0.830E-07   -0.323E-05
  0.0001    1.70   -0.225E-01   -0.294E-04   -0.177E-04    0.196E-01    0.340E-02    0.000E+00    0.000E+00     0.285E-03          0.66   -0.866E-07   -0.336E-05
  0.0001    2.00   -0.274E-01   -0.312E-04   -0.189E-04    0.235E-01    0.454E-02    0.000E+00    0.000E+00     0.396E-03          0.70   -0.920E-07   -0.266E-05
  0.0001    2.50   -0.205E-01   -0.332E-04   -0.201E-04    0.150E-01    0.467E-02    0.000E+00    0.000E+00     0.422E-03          0.77   -0.979E-07   -0.325E-05
  0.0001    3.00   -0.140E-01   -0.341E-04   -0.206E-04    0.101E-01    0.392E-02    0.000E+00    0.000E+00     0.366E-03          0.87   -0.100E-06   -0.391E-05
  0.0001    3.50   -0.209E-01   -0.358E-04   -0.216E-04    0.153E-01    0.255E-02    0.118E-03    0.273E-02     0.425E-03          0.89   -0.915E-07   -0.313E-05
  0.0001    4.00   -0.260E-01   -0.371E-04   -0.224E-04    0.201E-01    0.117E-02    0.210E-03    0.480E-02     0.479E-03          0.91   -0.388E-07   -0.132E-05
  0.0001    4.50   -0.593E+00   -0.379E-04   -0.229E-04    0.219E-01    0.915E-03    0.117E-03    0.582E-02     0.471E-03          0.95   -0.863E-07    0.119E-05
  0.0001    5.00   -0.307E-01   -0.386E-04   -0.233E-04    0.228E-01    0.666E-03    0.420E-04    0.660E-02     0.459E-03          0.98   -0.114E-06    0.314E-05
  0.0001    6.00   -0.372E-01   -0.396E-04   -0.239E-04    0.289E-01    0.753E-03    0.652E-04    0.783E-02     0.310E-03          1.05   -0.117E-06    0.895E-05
  0.0001    7.00   -0.436E-01   -0.403E-04   -0.243E-04    0.323E-01    0.839E-03    0.817E-04    0.871E-02     0.160E-03          1.13   -0.119E-06    0.132E-04
  0.0001    8.00   -0.372E-01   -0.359E-04   -0.217E-04    0.273E-01    0.673E-03    0.947E-04    0.937E-02     0.180E-03          2.02   -0.106E-06   -0.411E-05
  0.0004    0.80   -0.112E-01   -0.186E-04   -0.112E-04    0.153E-01    0.159E-03    0.000E+00    0.000E+00     0.441E-04          0.49   -0.219E-06    0.460E-05
  0.0004    0.90   -0.145E-01   -0.208E-04   -0.126E-04    0.136E-01   -0.189E-05    0.000E+00    0.000E+00     0.212E-04          0.51   -0.245E-06    0.380E-05
  0.0004    1.00   -0.182E-01   -0.226E-04   -0.136E-04    0.134E-01   -0.282E-04    0.000E+00    0.000E+00    -0.840E-06          0.53   -0.266E-06    0.296E-05
  0.0004    1.30   -0.285E-01   -0.258E-04   -0.156E-04    0.218E-01    0.303E-02    0.000E+00    0.000E+00     0.283E-03          0.60   -0.305E-06    0.292E-05
  0.0004    1.50   -0.235E-01   -0.282E-04   -0.170E-04    0.217E-01    0.342E-02    0.000E+00    0.000E+00     0.296E-03          0.62   -0.300E-06   -0.151E-05
  0.0004    1.70   -0.241E-01   -0.296E-04   -0.179E-04    0.191E-01    0.342E-02    0.000E+00    0.000E+00     0.297E-03          0.65   -0.696E-07   -0.229E-05
  0.0004    2.00   -0.297E-01   -0.314E-04   -0.190E-04    0.235E-01    0.457E-02    0.000E+00    0.000E+00     0.402E-03          0.69   -0.767E-07   -0.810E-06
  0.0004    2.50   -0.230E-01   -0.334E-04   -0.202E-04    0.161E-01    0.480E-02    0.000E+00    0.000E+00     0.432E-03          0.76   -0.168E-06   -0.107E-05
  0.0004    3.00   -0.185E-01   -0.344E-04   -0.208E-04    0.115E-01    0.419E-02    0.000E+00    0.827E-05     0.390E-03          0.85   -0.107E-06   -0.263E-05
  0.0004    3.50   -0.204E-01   -0.358E-04   -0.216E-04    0.167E-01    0.267E-02    0.121E-03    0.273E-02     0.432E-03          0.89   -0.849E-07   -0.109E-05
  0.0004    4.00   -0.280E-01   -0.371E-04   -0.224E-04    0.203E-01    0.114E-02    0.215E-03    0.477E-02     0.470E-03          0.91   -0.697E-07   -0.450E-07
  0.0004    4.50   -0.593E+00   -0.379E-04   -0.229E-04    0.220E-01    0.890E-03    0.121E-03    0.580E-02     0.462E-03          0.95   -0.821E-07    0.167E-05
  0.0004    5.00   -0.302E-01   -0.386E-04   -0.233E-04    0.245E-01    0.640E-03    0.456E-04    0.660E-02     0.450E-03          0.98   -0.911E-07    0.291E-05
  0.0004    6.00   -0.383E-01   -0.396E-04   -0.239E-04    0.286E-01    0.724E-03    0.683E-04    0.783E-02     0.293E-03          1.05   -0.154E-06    0.885E-05
  0.0004    7.00   -0.430E-01   -0.403E-04   -0.243E-04    0.319E-01    0.807E-03    0.849E-04    0.870E-02     0.134E-03          1.13   -0.193E-06    0.130E-04
  0.0004    8.00   -0.373E-01   -0.362E-04   -0.219E-04    0.289E-01    0.652E-03    0.978E-04    0.937E-02     0.161E-03          1.96   -0.427E-06   -0.166E-04
  0.0040    0.80   -0.854E-02   -0.138E-04   -0.834E-05    0.919E-02   -0.173E-03    0.000E+00    0.000E+00    -0.358E-04          0.57    0.227E-07    0.150E-05
  0.0040    0.90   -0.123E-01   -0.176E-04   -0.106E-04    0.122E-01   -0.733E-04    0.000E+00    0.000E+00     0.371E-04          0.57    0.114E-06    0.600E-05
  0.0040    1.00   -0.164E-01   -0.206E-04   -0.125E-04    0.151E-01    0.694E-03    0.000E+00    0.000E+00     0.108E-03          0.57    0.116E-06    0.740E-05
  0.0040    1.30   -0.202E-01   -0.244E-04   -0.147E-04    0.183E-01    0.173E-02    0.000E+00    0.000E+00     0.196E-03          0.64    0.165E-06    0.754E-05
  0.0040    1.50   -0.218E-01   -0.298E-04   -0.180E-04    0.190E-01    0.221E-02    0.000E+00    0.000E+00     0.274E-03          0.57    0.111E-06    0.183E-04
  0.0040    1.70   -0.240E-01   -0.316E-04   -0.191E-04    0.202E-01    0.352E-02    0.000E+00    0.000E+00     0.379E-03          0.58    0.130E-06    0.180E-04
  0.0040    2.00   -0.330E-01   -0.331E-04   -0.200E-04    0.267E-01    0.494E-02    0.000E+00    0.000E+00     0.433E-03          0.62    0.145E-06    0.137E-04
  0.0040    2.50   -0.366E-01   -0.357E-04   -0.216E-04    0.308E-01    0.591E-02    0.000E+00    0.000E+00     0.472E-03          0.64    0.229E-06    0.147E-04
  0.0040    3.00   -0.393E-01   -0.374E-04   -0.226E-04    0.318E-01    0.740E-02    0.127E-04    0.437E-03     0.592E-03          0.66    0.152E-06    0.187E-04
  0.0040    3.50   -0.322E-01   -0.372E-04   -0.225E-04    0.262E-01    0.414E-02    0.158E-03    0.274E-02     0.477E-03          0.79   -0.182E-06    0.171E-04
  0.0040    4.00   -0.263E-01   -0.371E-04   -0.224E-04    0.199E-01    0.869E-03    0.267E-03    0.447E-02     0.356E-03          0.91   -0.447E-06    0.153E-04
  0.0040    4.50   -0.282E-01   -0.379E-04   -0.229E-04    0.224E-01    0.598E-03    0.168E-03    0.553E-02     0.350E-03          0.95   -0.429E-07    0.733E-05
  0.0040    5.00   -0.312E-01   -0.386E-04   -0.233E-04    0.244E-01    0.324E-03    0.878E-04    0.640E-02     0.341E-03          0.98    0.269E-06    0.720E-06
  0.0040    6.00   -0.344E-01   -0.396E-04   -0.239E-04    0.261E-01    0.370E-03    0.108E-03    0.767E-02     0.877E-04          1.05    0.580E-06    0.683E-05
  0.0040    7.00   -0.368E-01   -0.403E-04   -0.244E-04    0.287E-01    0.416E-03    0.122E-03    0.859E-02    -0.166E-03          1.12    0.788E-06    0.109E-04
  0.0040    8.00   -0.423E-01   -0.409E-04   -0.247E-04    0.332E-01    0.359E-03    0.134E-03    0.937E-02    -0.233E-03          1.19   -0.506E-06    0.215E-04
  0.0080    0.80   -0.103E-01   -0.132E-04   -0.798E-05    0.105E-01   -0.105E-03    0.000E+00    0.000E+00     0.602E-04          0.58   -0.513E-06   -0.963E-05
  0.0080    0.90   -0.121E-01   -0.176E-04   -0.106E-04    0.119E-01   -0.120E-03    0.000E+00    0.000E+00     0.105E-03          0.57    0.594E-06    0.164E-04
  0.0080    1.00   -0.136E-01   -0.211E-04   -0.128E-04    0.131E-01   -0.137E-03    0.000E+00    0.000E+00     0.146E-03          0.56    0.849E-06    0.264E-04
  0.0080    1.30   -0.188E-01   -0.251E-04   -0.152E-04    0.176E-01    0.132E-02    0.000E+00    0.000E+00     0.254E-03          0.62    0.871E-06    0.291E-04
  0.0080    1.50   -0.223E-01   -0.294E-04   -0.178E-04    0.192E-01    0.258E-02    0.000E+00    0.000E+00     0.343E-03          0.58    0.590E-06    0.275E-04
  0.0080    1.70   -0.224E-01   -0.316E-04   -0.191E-04    0.188E-01    0.296E-02    0.000E+00    0.000E+00     0.387E-03          0.58    0.777E-06    0.313E-04
  0.0080    2.00   -0.305E-01   -0.334E-04   -0.202E-04    0.250E-01    0.442E-02    0.000E+00    0.000E+00     0.399E-03          0.61    0.683E-06    0.287E-04
  0.0080    2.50   -0.403E-01   -0.359E-04   -0.217E-04    0.323E-01    0.558E-02    0.000E+00    0.000E+00     0.391E-03          0.63    0.693E-06    0.329E-04
  0.0080    3.00   -0.433E-01   -0.378E-04   -0.228E-04    0.343E-01    0.686E-02    0.242E-04    0.770E-03     0.467E-03          0.64    0.795E-06    0.372E-04
  0.0080    3.50   -0.258E+00   -0.374E-04   -0.226E-04    0.303E-01    0.378E-02    0.181E-03    0.285E-02     0.345E-03          0.77    0.111E-05    0.339E-04
  0.0080    4.00   -0.306E-01   -0.372E-04   -0.225E-04    0.261E-01    0.715E-03    0.300E-03    0.443E-02     0.209E-03          0.90    0.133E-05    0.315E-04
  0.0080    4.50   -0.327E-01   -0.381E-04   -0.230E-04    0.257E-01    0.386E-03    0.187E-03    0.553E-02     0.226E-03          0.93    0.997E-06    0.309E-04
  0.0080    5.00   -0.329E-01   -0.387E-04   -0.234E-04    0.273E-01    0.588E-04    0.970E-04    0.642E-02     0.227E-03          0.97    0.756E-06    0.314E-04
  0.0080    6.00   -0.360E-01   -0.397E-04   -0.240E-04    0.293E-01    0.830E-04    0.116E-03    0.780E-02    -0.110E-03          1.04    0.709E-06    0.429E-04
  0.0080    7.00   -0.397E-01   -0.404E-04   -0.244E-04    0.307E-01    0.107E-03    0.130E-03    0.879E-02    -0.452E-03          1.11    0.675E-06    0.526E-04
  0.0080    8.00   -0.503E-01   -0.409E-04   -0.247E-04    0.408E-01    0.975E-05    0.158E-03    0.111E-01    -0.816E-03          1.19    0.576E-06    0.629E-04
  0.0200    0.80    0.843E-01   -0.780E-05   -0.471E-05    0.129E-02   -0.488E-03    0.000E+00    0.000E+00    -0.974E-03          0.67   -0.460E-05   -0.179E-03
  0.0200    0.90   -0.104E-01   -0.176E-04   -0.106E-04    0.994E-02   -0.349E-03    0.000E+00    0.000E+00     0.147E-03          0.57    0.601E-06    0.244E-04
  0.0200    1.00   -0.212E-01   -0.254E-04   -0.154E-04    0.188E-01   -0.300E-04    0.000E+00    0.000E+00     0.125E-02          0.47    0.134E-04    0.232E-03
  0.0200    1.30   -0.153E-01   -0.266E-04   -0.161E-04    0.149E-01   -0.392E-03    0.000E+00    0.000E+00     0.706E-03          0.58    0.702E-05    0.148E-03
  0.0200    1.50   -0.180E-01   -0.310E-04   -0.188E-04    0.162E-01    0.920E-03    0.000E+00    0.000E+00     0.705E-03          0.53    0.563E-05    0.142E-03
  0.0200    1.70   -0.169E-01   -0.322E-04   -0.194E-04    0.144E-01    0.140E-02    0.000E+00    0.000E+00     0.527E-03          0.56    0.296E-05    0.859E-04
  0.0200    2.00   -0.239E-01   -0.336E-04   -0.203E-04    0.199E-01    0.247E-02    0.000E+00    0.000E+00     0.430E-03          0.60    0.294E-05    0.900E-04
  0.0200    2.50   -0.351E-01   -0.365E-04   -0.220E-04    0.275E-01    0.416E-02    0.000E+00    0.000E+00     0.344E-03          0.60    0.273E-05    0.960E-04
  0.0200    3.00   -0.386E-01   -0.381E-04   -0.230E-04    0.328E-01    0.525E-02    0.640E-04    0.165E-02     0.411E-03          0.62    0.415E-05    0.137E-03
  0.0200    3.50   -0.384E-01   -0.383E-04   -0.231E-04    0.326E-01    0.501E-02    0.666E-04    0.172E-02     0.316E-03          0.71    0.347E-05    0.115E-03
  0.0200    4.00   -0.375E-01   -0.385E-04   -0.233E-04    0.311E-01    0.477E-02    0.683E-04    0.178E-02     0.198E-03          0.79    0.279E-05    0.947E-04
  0.0200    4.50   -0.378E-01   -0.389E-04   -0.235E-04    0.318E-01    0.208E-02    0.108E-03    0.482E-02     0.158E-03          0.85    0.282E-05    0.989E-04
  0.0200    5.00   -0.385E-01   -0.392E-04   -0.237E-04    0.309E-01   -0.594E-03    0.140E-03    0.724E-02     0.142E-03          0.92    0.271E-05    0.104E-03
  0.0200    6.00   -0.401E-01   -0.400E-04   -0.242E-04    0.334E-01   -0.617E-03    0.155E-03    0.865E-02    -0.350E-03          1.00    0.458E-05    0.135E-03
  0.0200    7.00   -0.436E-01   -0.407E-04   -0.246E-04    0.363E-01   -0.627E-03    0.166E-03    0.966E-02    -0.843E-03          1.07    0.574E-05    0.157E-03
  0.0200    8.00   -0.479E-01   -0.411E-04   -0.248E-04    0.388E-01   -0.769E-03    0.171E-03    0.107E-01    -0.115E-02          1.15    0.652E-05    0.167E-03
  0.0500    0.80   -0.307E-01   -0.960E-05   -0.580E-05   -0.618E-02   -0.150E-02    0.000E+00    0.000E+00    -0.249E-02          0.64   -0.142E-04   -0.522E-03
  0.0500    0.90   -0.597E-02   -0.192E-04   -0.116E-04    0.709E-02   -0.112E-02    0.000E+00    0.000E+00     0.267E-03          0.54    0.126E-05    0.444E-04
  0.0500    1.00   -0.257E-01   -0.269E-04   -0.162E-04    0.217E-01   -0.260E-03    0.000E+00    0.000E+00     0.286E-02          0.44    0.417E-04    0.560E-03
  0.0500    1.30   -0.884E-02   -0.251E-04   -0.152E-04    0.577E-02   -0.168E-02    0.000E+00    0.000E+00     0.292E-03          0.62   -0.238E-06    0.385E-04
  0.0500    1.50   -0.271E-02   -0.294E-04   -0.178E-04    0.606E-02   -0.255E-02    0.000E+00    0.000E+00     0.880E-03          0.58    0.494E-05    0.147E-03
  0.0500    1.70   -0.255E-02   -0.325E-04   -0.196E-04    0.580E-02   -0.299E-02    0.000E+00    0.000E+00     0.110E-02          0.55    0.932E-05    0.222E-03
  0.0500    2.00   -0.109E-01   -0.341E-04   -0.206E-04    0.795E-02   -0.251E-02    0.000E+00    0.000E+00     0.935E-03          0.58    0.977E-05    0.227E-03
  0.0500    2.50    0.116E+00   -0.365E-04   -0.220E-04    0.144E-01   -0.780E-03    0.000E+00    0.000E+00     0.940E-03          0.60    0.114E-04    0.266E-03
  0.0500    3.00   -0.319E-01   -0.384E-04   -0.232E-04    0.226E-01    0.633E-03    0.189E-03    0.360E-02     0.113E-02          0.60    0.181E-04    0.427E-03
  0.0500    3.50   -0.311E-01   -0.395E-04   -0.239E-04    0.266E-01    0.271E-02    0.195E-03    0.377E-02     0.794E-03          0.62    0.135E-04    0.334E-03
  0.0500    4.00   -0.387E-01   -0.406E-04   -0.245E-04    0.310E-01    0.481E-02    0.200E-03    0.390E-02     0.357E-03          0.62    0.997E-05    0.251E-03
  0.0500    4.50   -0.412E-01   -0.410E-04   -0.247E-04    0.350E-01    0.629E-02    0.185E-03    0.258E-02     0.298E-03          0.66    0.107E-04    0.276E-03
  0.0500    5.00   -0.472E-01   -0.413E-04   -0.249E-04    0.382E-01    0.771E-02    0.173E-03    0.157E-02     0.190E-03          0.70    0.118E-04    0.275E-03
  0.0500    6.00   -0.453E-01   -0.414E-04   -0.250E-04    0.385E-01    0.284E-02    0.253E-03    0.773E-02     0.105E-03          0.82    0.183E-04    0.426E-03
  0.0500    7.00   -0.463E-01   -0.416E-04   -0.251E-04    0.368E-01   -0.208E-02    0.310E-03    0.121E-01    -0.215E-03          0.93    0.232E-04    0.544E-03
  0.0500    8.00   -0.529E-01   -0.416E-04   -0.252E-04    0.413E-01   -0.208E-02    0.291E-03    0.125E-01    -0.263E-04          1.06    0.395E-04    0.789E-03
