#    Z       m        H              D           He3            He4          C12         C13P          N14P           O16             Mrem     C13           N14
  0.0000    0.80   -0.314E-01   -0.150E-04   -0.906E-05   -0.159E-01    0.650E-03    0.000E+00    0.000E+00       0.000E+00        0.55    0.000E+00    0.000E+00
  0.0000    0.90   -0.242E-01   -0.181E-04   -0.110E-04   -0.787E-02    0.262E-03    0.000E+00    0.000E+00       0.000E+00        0.56    0.000E+00    0.000E+00
  0.0000    1.00   -0.175E-01   -0.206E-04   -0.125E-04   -0.147E-02    0.000E+00    0.000E+00    0.000E+00       0.000E+00        0.57    0.000E+00    0.000E+00
  0.0000    1.10   -0.211E-01   -0.227E-04   -0.137E-04   -0.341E-02    0.000E+00    0.000E+00    0.000E+00       0.000E+00        0.58    0.000E+00    0.000E+00
  0.0000    1.20   -0.175E-01   -0.244E-04   -0.147E-04   -0.863E-03    0.000E+00    0.000E+00    0.000E+00       0.000E+00        0.59    0.000E+00    0.000E+00
  0.0000    1.30   -0.213E-01   -0.258E-04   -0.156E-04   -0.640E-02    0.000E+00    0.000E+00    0.000E+00       0.000E+00        0.60    0.000E+00    0.000E+00
  0.0000    1.40   -0.163E-01   -0.267E-04   -0.162E-04   -0.366E-02    0.000E+00    0.000E+00    0.000E+00       0.000E+00        0.62    0.000E+00    0.000E+00
  0.0000    1.50   -0.197E-01   -0.278E-04   -0.168E-04   -0.361E-02    0.000E+00    0.000E+00    0.000E+00       0.000E+00        0.63    0.000E+00    0.000E+00
  0.0000    1.60   -0.202E-01   -0.288E-04   -0.174E-04   -0.106E-02    0.251E-02    0.000E+00    0.000E+00       0.000E+00        0.64    0.000E+00    0.000E+00
  0.0000    1.70   -0.182E-01   -0.296E-04   -0.179E-04    0.707E-02    0.454E-02    0.000E+00    0.000E+00       0.000E+00        0.65    0.000E+00    0.000E+00
  0.0000    1.80   -0.196E-01   -0.307E-04   -0.185E-04    0.903E-02    0.611E-02    0.000E+00    0.000E+00       0.000E+00        0.65    0.000E+00    0.000E+00
  0.0000    1.90   -0.284E-01   -0.313E-04   -0.189E-04    0.158E-01    0.926E-02    0.000E+00    0.000E+00       0.000E+00        0.66    0.000E+00    0.000E+00
  0.0000    2.00   -0.261E-01   -0.322E-04   -0.194E-04    0.136E-01    0.945E-02    0.000E+00    0.000E+00       0.000E+00        0.66    0.000E+00    0.000E+00
  0.0000    2.10   -0.266E-01   -0.327E-04   -0.197E-04    0.109E-01    0.833E-02    0.000E+00    0.000E+00       0.000E+00        0.67    0.000E+00    0.000E+00
  0.0000    2.20   -0.198E-01   -0.332E-04   -0.200E-04    0.802E-02    0.755E-02    0.000E+00    0.000E+00       0.365E-04        0.68    0.000E+00    0.000E+00
  0.0000    2.30   -0.267E-01   -0.336E-04   -0.203E-04    0.106E-01    0.930E-02    0.000E+00    0.000E+00       0.761E-05        0.69    0.000E+00    0.000E+00
  0.0000    2.40   -0.163E-01   -0.340E-04   -0.205E-04    0.117E-01    0.103E-01    0.000E+00    0.000E+00       0.146E-04        0.70    0.000E+00    0.000E+00
  0.0000    2.50   -0.387E-01   -0.344E-04   -0.208E-04    0.199E-01    0.153E-01    0.000E+00    0.000E+00       0.000E+00        0.71    0.000E+00    0.000E+00
  0.0000    2.60   -0.296E-01   -0.345E-04   -0.209E-04    0.807E-02    0.103E-01    0.000E+00    0.000E+00       0.000E+00        0.73    0.000E+00    0.000E+00
  0.0000    2.70   -0.277E-01   -0.348E-04   -0.211E-04   -0.850E-03    0.733E-02    0.000E+00    0.000E+00       0.000E+00        0.74    0.000E+00    0.000E+00
  0.0000    2.80   -0.267E-01   -0.350E-04   -0.211E-04   -0.861E-02    0.457E-02    0.000E+00    0.000E+00       0.119E-04        0.76    0.000E+00    0.000E+00
  0.0000    2.90   -0.250E-01   -0.353E-04   -0.213E-04   -0.163E-01    0.198E-02    0.000E+00    0.000E+00       0.300E-04        0.77    0.000E+00    0.000E+00
  0.0000    3.00   -0.209E-01   -0.354E-04   -0.214E-04   -0.231E-01    0.000E+00    0.000E+00    0.000E+00       0.470E-04        0.79    0.000E+00    0.000E+00
  0.0000    3.10   -0.195E-01   -0.356E-04   -0.215E-04   -0.298E-01    0.000E+00    0.000E+00    0.000E+00       0.626E-04        0.80    0.000E+00    0.000E+00
  0.0000    3.20   -0.158E-01   -0.357E-04   -0.216E-04   -0.357E-01    0.000E+00    0.000E+00    0.000E+00       0.775E-04        0.82    0.000E+00    0.000E+00
  0.0000    3.30   -0.147E-01   -0.359E-04   -0.217E-04   -0.420E-01    0.000E+00    0.000E+00    0.000E+00       0.915E-04        0.83    0.000E+00    0.000E+00
  0.0000    3.40   -0.202E-01   -0.360E-04   -0.218E-04   -0.316E-01    0.000E+00    0.000E+00    0.000E+00       0.156E-04        0.85    0.000E+00    0.000E+00
  0.0000    3.50   -0.275E-01   -0.362E-04   -0.219E-04   -0.228E-01    0.911E-03    0.000E+00    0.794E-09       0.000E+00        0.86    0.000E+00    0.000E+00
  0.0000    3.60   -0.206E-01   -0.364E-04   -0.220E-04   -0.244E-01    0.197E-02    0.000E+00    0.163E-02       0.000E+00        0.87    0.000E+00    0.000E+00
  0.0000    3.70   -0.140E-01   -0.366E-04   -0.221E-04   -0.257E-01    0.297E-02    0.000E+00    0.319E-02       0.000E+00        0.88    0.000E+00    0.000E+00
  0.0000    3.80   -0.104E-01   -0.368E-04   -0.222E-04   -0.272E-01    0.395E-02    0.000E+00    0.157E-02       0.000E+00        0.89    0.000E+00    0.000E+00
  0.0000    3.90   -0.954E-02   -0.369E-04   -0.223E-04   -0.287E-01    0.485E-02    0.000E+00    0.623E-03       0.000E+00        0.90    0.000E+00    0.000E+00
  0.0000    4.00   -0.123E-02   -0.371E-04   -0.224E-04   -0.305E-01    0.000E+00    0.000E+00    0.124E-02       0.000E+00        0.91    0.000E+00    0.000E+00
  0.0000    4.10   -0.226E-01   -0.372E-04   -0.225E-04   -0.155E-02    0.139E-03    0.332E-04    0.105E-02       0.000E+00        0.92    0.000E+00    0.000E+00
  0.0000    4.20   -0.263E-01   -0.374E-04   -0.226E-04    0.675E-02    0.189E-03    0.352E-04    0.160E-02       0.000E+00        0.93    0.000E+00    0.000E+00
  0.0000    4.30   -0.315E-01   -0.376E-04   -0.227E-04    0.143E-01    0.237E-03    0.374E-04    0.216E-02       0.000E+00        0.93    0.000E+00    0.000E+00
  0.0000    4.40   -0.348E-01   -0.377E-04   -0.228E-04    0.219E-01    0.282E-03    0.395E-04    0.268E-02       0.000E+00        0.94    0.000E+00    0.000E+00
  0.0000    4.50   -0.380E-01   -0.379E-04   -0.229E-04    0.291E-01    0.327E-03    0.467E-04    0.320E-02       0.000E+00        0.95    0.000E+00    0.000E+00
  0.0000    4.60   -0.410E-01   -0.380E-04   -0.229E-04    0.280E-01    0.326E-03    0.489E-04    0.339E-02       0.000E+00        0.96    0.000E+00    0.000E+00
  0.0000    4.70   -0.455E-01   -0.382E-04   -0.231E-04    0.285E-01    0.326E-03    0.511E-04    0.360E-02       0.000E+00        0.96    0.000E+00    0.000E+00
  0.0000    4.80   -0.483E-01   -0.383E-04   -0.231E-04    0.274E-01    0.325E-03    0.531E-04    0.379E-02       0.000E+00        0.97    0.000E+00    0.000E+00
  0.0000    4.90   -0.509E-01   -0.384E-04   -0.232E-04    0.264E-01    0.324E-03    0.551E-04    0.396E-02       0.000E+00        0.98    0.000E+00    0.000E+00
  0.0000    5.00   -0.549E-01   -0.386E-04   -0.233E-04    0.249E-01    0.322E-03    0.570E-04    0.414E-02       0.000E+00        0.98    0.000E+00    0.000E+00
  0.0000    5.10   -0.573E-01   -0.387E-04   -0.234E-04    0.279E-01    0.325E-03    0.608E-04    0.447E-02       0.000E+00        0.99    0.000E+00    0.000E+00
  0.0000    5.20   -0.592E-01   -0.389E-04   -0.235E-04    0.303E-01    0.329E-03    0.642E-04    0.479E-02       0.000E+00        0.99    0.000E+00    0.000E+00
  0.0000    5.30   -0.614E-01   -0.389E-04   -0.235E-04    0.331E-01    0.332E-03    0.675E-04    0.511E-02       0.000E+00        1.00    0.000E+00    0.000E+00
  0.0000    5.40   -0.635E-01   -0.390E-04   -0.236E-04    0.357E-01    0.335E-03    0.707E-04    0.541E-02       0.000E+00        1.01    0.000E+00    0.000E+00
  0.0000    5.50   -0.670E-01   -0.392E-04   -0.237E-04    0.379E-01    0.338E-03    0.738E-04    0.569E-02       0.000E+00        1.01    0.000E+00    0.000E+00
  0.0000    5.60   -0.671E-01   -0.393E-04   -0.237E-04    0.404E-01    0.341E-03    0.768E-04    0.598E-02       0.000E+00        1.02    0.000E+00    0.000E+00
  0.0000    5.70   -0.704E-01   -0.394E-04   -0.238E-04    0.423E-01    0.344E-03    0.796E-04    0.625E-02       0.000E+00        1.02    0.000E+00    0.000E+00
  0.0000    5.80   -0.722E-01   -0.395E-04   -0.239E-04    0.446E-01    0.347E-03    0.824E-04    0.650E-02       0.000E+00        1.03    0.000E+00    0.000E+00
  0.0000    5.90   -0.736E-01   -0.396E-04   -0.239E-04    0.465E-01    0.349E-03    0.851E-04    0.676E-02       0.000E+00        1.03    0.000E+00    0.000E+00
  0.0000    6.00   -0.753E-01   -0.397E-04   -0.240E-04    0.487E-01    0.352E-03    0.877E-04    0.700E-02       0.000E+00        1.04    0.000E+00    0.000E+00
  0.0000    6.10   -0.749E-01   -0.398E-04   -0.241E-04    0.504E-01    0.348E-03    0.869E-04    0.689E-02       0.000E+00        1.04    0.000E+00    0.000E+00
  0.0000    6.20   -0.750E-01   -0.399E-04   -0.241E-04    0.524E-01    0.342E-03    0.861E-04    0.677E-02       0.000E+00        1.05    0.000E+00    0.000E+00
  0.0000    6.30   -0.746E-01   -0.400E-04   -0.242E-04    0.540E-01    0.338E-03    0.854E-04    0.667E-02       0.000E+00        1.05    0.000E+00    0.000E+00
  0.0000    6.40   -0.743E-01   -0.401E-04   -0.242E-04    0.540E-01    0.333E-03    0.847E-04    0.656E-02       0.000E+00        1.05    0.000E+00    0.000E+00
  0.0000    6.50   -0.728E-01   -0.402E-04   -0.243E-04    0.559E-01    0.328E-03    0.842E-04    0.646E-02       0.000E+00        1.06    0.000E+00    0.000E+00
  0.0000    6.60   -0.740E-01   -0.403E-04   -0.243E-04    0.573E-01    0.324E-03    0.835E-04    0.636E-02       0.000E+00        1.06    0.000E+00    0.000E+00
  0.0000    6.70   -0.737E-01   -0.404E-04   -0.244E-04    0.587E-01    0.319E-03    0.828E-04    0.627E-02       0.000E+00        1.06    0.000E+00    0.000E+00
  0.0000    6.80   -0.722E-01   -0.404E-04   -0.244E-04    0.590E-01    0.316E-03    0.822E-04    0.618E-02       0.000E+00        1.07    0.000E+00    0.000E+00
  0.0000    6.90   -0.720E-01   -0.406E-04   -0.245E-04    0.604E-01    0.312E-03    0.816E-04    0.609E-02       0.000E+00        1.07    0.000E+00    0.000E+00
  0.0000    7.00   -0.720E-01   -0.406E-04   -0.245E-04    0.620E-01    0.309E-03    0.810E-04    0.600E-02       0.000E+00        1.08    0.000E+00    0.000E+00
  0.0000    7.10   -0.732E-01   -0.407E-04   -0.246E-04    0.633E-01    0.323E-03    0.856E-04    0.635E-02       0.000E+00        1.08    0.000E+00    0.000E+00
  0.0000    7.20   -0.743E-01   -0.408E-04   -0.247E-04    0.632E-01    0.335E-03    0.901E-04    0.671E-02       0.000E+00        1.08    0.000E+00    0.000E+00
  0.0000    7.30   -0.757E-01   -0.408E-04   -0.247E-04    0.647E-01    0.348E-03    0.944E-04    0.704E-02       0.000E+00        1.09    0.000E+00    0.000E+00
  0.0000    7.40   -0.767E-01   -0.409E-04   -0.247E-04    0.659E-01    0.361E-03    0.986E-04    0.736E-02       0.000E+00        1.09    0.000E+00    0.000E+00
  0.0000    7.50   -0.791E-01   -0.410E-04   -0.248E-04    0.671E-01    0.373E-03    0.103E-03    0.768E-02       0.000E+00        1.09    0.000E+00    0.000E+00
  0.0000    7.60   -0.790E-01   -0.411E-04   -0.248E-04    0.685E-01    0.386E-03    0.107E-03    0.800E-02       0.000E+00        1.10    0.000E+00    0.000E+00
  0.0000    7.70   -0.800E-01   -0.411E-04   -0.249E-04    0.683E-01    0.397E-03    0.111E-03    0.830E-02       0.000E+00        1.10    0.000E+00    0.000E+00
  0.0000    7.80   -0.822E-01   -0.412E-04   -0.249E-04    0.694E-01    0.409E-03    0.114E-03    0.859E-02       0.000E+00        1.10    0.000E+00    0.000E+00
  0.0000    7.90   -0.821E-01   -0.413E-04   -0.249E-04    0.707E-01    0.420E-03    0.118E-03    0.887E-02       0.000E+00        1.11    0.000E+00    0.000E+00
  0.0000    8.00   -0.843E-01   -0.413E-04   -0.250E-04    0.718E-01    0.431E-03    0.122E-03    0.916E-02       0.000E+00        1.11    0.000E+00    0.000E+00
  0.0001    0.80   -0.407E-01   -0.156E-04   -0.943E-05   -0.188E-01    0.644E-03    0.000E+00    0.000E+00      -0.140E-04        0.54   -0.460E-07   -0.179E-05
  0.0001    0.90   -0.325E-01   -0.187E-04   -0.113E-04   -0.106E-01    0.259E-03    0.000E+00    0.000E+00      -0.167E-04        0.55   -0.550E-07   -0.214E-05
  0.0001    1.00   -0.249E-01   -0.211E-04   -0.128E-04   -0.401E-02   -0.660E-05    0.000E+00    0.000E+00      -0.189E-04        0.56   -0.623E-07   -0.242E-05
  0.0001    1.10   -0.210E-01   -0.227E-04   -0.137E-04   -0.348E-02   -0.709E-05    0.000E+00    0.000E+00      -0.203E-04        0.58   -0.669E-07   -0.260E-05
  0.0001    1.20   -0.236E-01   -0.248E-04   -0.150E-04   -0.300E-02   -0.775E-05    0.000E+00    0.000E+00      -0.222E-04        0.58   -0.731E-07   -0.284E-05
  0.0001    1.30   -0.212E-01   -0.258E-04   -0.156E-04   -0.571E-02   -0.808E-05    0.000E+00    0.000E+00      -0.232E-04        0.60   -0.762E-07   -0.296E-05
  0.0001    1.40   -0.216E-01   -0.271E-04   -0.164E-04   -0.480E-02   -0.846E-05    0.000E+00    0.000E+00      -0.243E-04        0.61   -0.798E-07   -0.310E-05
  0.0001    1.50   -0.196E-01   -0.278E-04   -0.168E-04   -0.302E-02   -0.870E-05    0.000E+00    0.000E+00      -0.249E-04        0.63   -0.821E-07   -0.319E-05
  0.0001    1.60   -0.247E-01   -0.291E-04   -0.176E-04   -0.207E-02    0.249E-02    0.000E+00    0.000E+00      -0.261E-04        0.63   -0.858E-07   -0.333E-05
  0.0001    1.70   -0.181E-01   -0.296E-04   -0.179E-04    0.698E-02    0.452E-02    0.000E+00    0.000E+00      -0.266E-04        0.65   -0.874E-07    0.147E-05
  0.0001    1.80   -0.194E-01   -0.307E-04   -0.185E-04    0.894E-02    0.605E-02    0.000E+00    0.000E+00      -0.275E-04        0.65   -0.904E-07   -0.351E-05
  0.0001    1.90   -0.283E-01   -0.313E-04   -0.189E-04    0.157E-01    0.925E-02    0.000E+00    0.000E+00      -0.281E-04        0.66   -0.923E-07   -0.359E-05
  0.0001    2.00   -0.259E-01   -0.322E-04   -0.194E-04    0.135E-01    0.939E-02    0.000E+00    0.000E+00      -0.288E-04        0.66   -0.948E-07   -0.369E-05
  0.0001    2.10   -0.265E-01   -0.327E-04   -0.197E-04    0.108E-01    0.832E-02    0.000E+00    0.000E+00      -0.262E-04        0.67   -0.964E-07    0.178E-05
  0.0001    2.20   -0.197E-01   -0.332E-04   -0.200E-04    0.838E-02    0.754E-02    0.000E+00    0.000E+00       0.335E-04        0.68    0.291E-07    0.171E-04
  0.0001    2.30   -0.265E-01   -0.336E-04   -0.203E-04    0.109E-01    0.929E-02    0.000E+00    0.000E+00       0.447E-05        0.69   -0.991E-07    0.148E-04
  0.0001    2.40   -0.161E-01   -0.340E-04   -0.205E-04    0.116E-01    0.103E-01    0.000E+00    0.000E+00       0.112E-04        0.70   -0.100E-06   -0.344E-05
  0.0001    2.50   -0.416E-01   -0.346E-04   -0.209E-04    0.188E-01    0.153E-01    0.000E+00    0.000E+00      -0.310E-04        0.70   -0.102E-06   -0.396E-05
  0.0001    2.60   -0.352E-01   -0.349E-04   -0.211E-04    0.645E-02    0.103E-01    0.000E+00    0.000E+00      -0.313E-04        0.71   -0.103E-06   -0.400E-05
  0.0001    2.70   -0.331E-01   -0.352E-04   -0.213E-04   -0.279E-02    0.732E-02    0.000E+00    0.000E+00      -0.109E-04        0.72   -0.104E-06   -0.403E-05
  0.0001    2.80   -0.346E-01   -0.355E-04   -0.214E-04   -0.110E-01    0.460E-02    0.000E+00    0.000E+00       0.857E-05        0.73   -0.105E-06   -0.407E-05
  0.0001    2.90   -0.326E-01   -0.358E-04   -0.216E-04   -0.187E-01    0.203E-02    0.000E+00    0.000E+00       0.266E-04        0.74    0.346E-06   -0.410E-05
  0.0001    3.00   -0.308E-01   -0.360E-04   -0.218E-04   -0.261E-01   -0.113E-04    0.000E+00    0.000E+00       0.431E-04        0.75    0.771E-06   -0.413E-05
  0.0001    3.10   -0.290E-01   -0.362E-04   -0.219E-04   -0.328E-01   -0.113E-04    0.000E+00    0.000E+00       0.588E-04        0.76    0.117E-05   -0.280E-05
  0.0001    3.20   -0.274E-01   -0.365E-04   -0.220E-04   -0.394E-01   -0.114E-04    0.000E+00    0.000E+00       0.736E-04        0.77    0.154E-05    0.542E-06
  0.0001    3.30   -0.259E-01   -0.367E-04   -0.221E-04   -0.452E-01   -0.115E-04    0.000E+00    0.000E+00       0.875E-04        0.78    0.189E-05    0.368E-05
  0.0001    3.40   -0.311E-01   -0.367E-04   -0.222E-04   -0.350E-01   -0.115E-04    0.000E+00    0.000E+00       0.124E-04        0.80    0.121E-06   -0.421E-05
  0.0001    3.50   -0.338E-01   -0.366E-04   -0.221E-04   -0.244E-01    0.951E-03    0.000E+00    0.791E-09      -0.328E-04        0.83   -0.108E-06   -0.420E-05
  0.0001    3.60   -0.287E-01   -0.369E-04   -0.223E-04   -0.267E-01    0.199E-02    0.000E+00    0.147E-02      -0.331E-04        0.83   -0.109E-06    0.159E-03
  0.0001    3.70   -0.219E-01   -0.371E-04   -0.224E-04   -0.283E-01    0.299E-02    0.000E+00    0.286E-02      -0.332E-04        0.84   -0.109E-06    0.325E-03
  0.0001    3.80   -0.181E-01   -0.373E-04   -0.225E-04   -0.297E-01    0.391E-02    0.000E+00    0.110E-02      -0.334E-04        0.85   -0.110E-06    0.483E-03
  0.0001    3.90   -0.171E-01   -0.374E-04   -0.226E-04   -0.311E-01    0.481E-02    0.000E+00    0.000E+00      -0.335E-04        0.86   -0.110E-06    0.629E-03
  0.0001    4.00   -0.856E-02   -0.376E-04   -0.227E-04   -0.329E-01   -0.117E-04    0.000E+00    0.000E+00      -0.336E-04        0.87   -0.111E-06    0.124E-02
  0.0001    4.10   -0.279E-01   -0.376E-04   -0.227E-04   -0.323E-02    0.130E-03    0.329E-04    0.000E+00      -0.337E-04        0.89   -0.111E-06    0.106E-02
  0.0001    4.20   -0.315E-01   -0.377E-04   -0.228E-04    0.511E-02    0.180E-03    0.352E-04    0.505E-03      -0.338E-04        0.90   -0.111E-06    0.111E-02
  0.0001    4.30   -0.348E-01   -0.378E-04   -0.229E-04    0.131E-01    0.228E-03    0.374E-04    0.101E-02      -0.339E-04        0.91   -0.112E-06    0.116E-02
  0.0001    4.40   -0.381E-01   -0.380E-04   -0.229E-04    0.206E-01    0.272E-03    0.393E-04    0.149E-02      -0.340E-04        0.92   -0.112E-06    0.120E-02
  0.0001    4.50   -0.412E-01   -0.381E-04   -0.230E-04    0.279E-01    0.315E-03    0.413E-04    0.195E-02      -0.341E-04        0.93    0.549E-05    0.125E-02
  0.0001    4.60   -0.457E-01   -0.383E-04   -0.231E-04    0.263E-01    0.314E-03    0.426E-04    0.208E-02      -0.343E-04        0.93    0.641E-05    0.132E-02
  0.0001    4.70   -0.485E-01   -0.384E-04   -0.232E-04    0.273E-01    0.314E-03    0.438E-04    0.219E-02      -0.344E-04        0.94    0.727E-05    0.139E-02
  0.0001    4.80   -0.512E-01   -0.385E-04   -0.233E-04    0.263E-01    0.315E-03    0.452E-04    0.231E-02      -0.345E-04        0.95    0.812E-05    0.146E-02
  0.0001    4.90   -0.553E-01   -0.387E-04   -0.234E-04    0.248E-01    0.314E-03    0.463E-04    0.243E-02      -0.347E-04        0.95    0.893E-05    0.153E-02
  0.0001    5.00   -0.577E-01   -0.388E-04   -0.234E-04    0.238E-01    0.314E-03    0.474E-04    0.254E-02      -0.347E-04        0.96    0.969E-05    0.159E-02
  0.0001    5.10   -0.601E-01   -0.389E-04   -0.235E-04    0.268E-01    0.317E-03    0.514E-04    0.282E-02      -0.348E-04        0.97    0.934E-05    0.165E-02
  0.0001    5.20   -0.619E-01   -0.390E-04   -0.236E-04    0.292E-01    0.320E-03    0.552E-04    0.310E-02      -0.350E-04        0.97    0.902E-05    0.170E-02
  0.0001    5.30   -0.640E-01   -0.391E-04   -0.236E-04    0.320E-01    0.324E-03    0.589E-04    0.336E-02      -0.350E-04        0.98    0.870E-05    0.175E-02
  0.0001    5.40   -0.675E-01   -0.393E-04   -0.237E-04    0.343E-01    0.327E-03    0.622E-04    0.361E-02      -0.352E-04        0.98    0.838E-05    0.180E-02
  0.0001    5.50   -0.695E-01   -0.394E-04   -0.238E-04    0.369E-01    0.330E-03    0.656E-04    0.385E-02      -0.353E-04        0.99    0.808E-05    0.185E-02
  0.0001    5.60   -0.710E-01   -0.395E-04   -0.239E-04    0.389E-01    0.332E-03    0.689E-04    0.409E-02      -0.354E-04        0.99    0.779E-05    0.189E-02
  0.0001    5.70   -0.728E-01   -0.396E-04   -0.239E-04    0.413E-01    0.335E-03    0.721E-04    0.432E-02      -0.355E-04        1.00    0.751E-05    0.193E-02
  0.0001    5.80   -0.759E-01   -0.397E-04   -0.240E-04    0.432E-01    0.338E-03    0.752E-04    0.453E-02      -0.356E-04        1.00    0.726E-05    0.196E-02
  0.0001    5.90   -0.759E-01   -0.398E-04   -0.240E-04    0.455E-01    0.340E-03    0.780E-04    0.475E-02      -0.356E-04        1.01    0.700E-05    0.201E-02
  0.0001    6.00   -0.789E-01   -0.399E-04   -0.241E-04    0.473E-01    0.343E-03    0.808E-04    0.495E-02      -0.358E-04        1.01    0.675E-05    0.205E-02
  0.0001    6.10   -0.772E-01   -0.400E-04   -0.242E-04    0.494E-01    0.337E-03    0.805E-04    0.490E-02      -0.358E-04        1.02    0.636E-05    0.198E-02
  0.0001    6.20   -0.784E-01   -0.401E-04   -0.242E-04    0.511E-01    0.333E-03    0.802E-04    0.487E-02      -0.359E-04        1.02    0.598E-05    0.190E-02
  0.0001    6.30   -0.768E-01   -0.402E-04   -0.243E-04    0.531E-01    0.327E-03    0.798E-04    0.483E-02      -0.360E-04        1.03    0.561E-05    0.184E-02
  0.0001    6.40   -0.764E-01   -0.403E-04   -0.243E-04    0.531E-01    0.323E-03    0.795E-04    0.478E-02      -0.361E-04        1.03    0.526E-05    0.178E-02
  0.0001    6.50   -0.749E-01   -0.403E-04   -0.244E-04    0.550E-01    0.318E-03    0.792E-04    0.475E-02      -0.361E-04        1.04    0.490E-05    0.170E-02
  0.0001    6.60   -0.761E-01   -0.404E-04   -0.244E-04    0.564E-01    0.315E-03    0.788E-04    0.471E-02      -0.362E-04        1.04    0.456E-05    0.165E-02
  0.0001    6.70   -0.746E-01   -0.405E-04   -0.245E-04    0.582E-01    0.310E-03    0.785E-04    0.469E-02      -0.363E-04        1.05    0.424E-05    0.158E-02
  0.0001    6.80   -0.743E-01   -0.406E-04   -0.245E-04    0.596E-01    0.305E-03    0.782E-04    0.465E-02      -0.364E-04        1.05    0.392E-05    0.152E-02
  0.0001    6.90   -0.728E-01   -0.406E-04   -0.245E-04    0.599E-01    0.302E-03    0.780E-04    0.462E-02      -0.364E-04        1.06    0.362E-05    0.147E-02
  0.0001    7.00   -0.740E-01   -0.407E-04   -0.246E-04    0.612E-01    0.297E-03    0.777E-04    0.459E-02      -0.365E-04        1.06    0.332E-05    0.141E-02
  0.0001    7.10   -0.751E-01   -0.408E-04   -0.247E-04    0.625E-01    0.311E-03    0.817E-04    0.487E-02      -0.366E-04        1.06    0.388E-05    0.149E-02
  0.0001    7.20   -0.751E-01   -0.409E-04   -0.247E-04    0.641E-01    0.325E-03    0.856E-04    0.514E-02      -0.366E-04        1.07    0.442E-05    0.155E-02
  0.0001    7.30   -0.775E-01   -0.410E-04   -0.247E-04    0.639E-01    0.338E-03    0.893E-04    0.541E-02      -0.367E-04        1.07    0.496E-05    0.163E-02
  0.0001    7.40   -0.785E-01   -0.411E-04   -0.248E-04    0.651E-01    0.351E-03    0.931E-04    0.566E-02      -0.368E-04        1.07    0.547E-05    0.168E-02
  0.0001    7.50   -0.798E-01   -0.411E-04   -0.248E-04    0.666E-01    0.363E-03    0.967E-04    0.592E-02      -0.368E-04        1.08    0.597E-05    0.176E-02
  0.0001    7.60   -0.808E-01   -0.412E-04   -0.249E-04    0.677E-01    0.375E-03    0.100E-03    0.616E-02      -0.369E-04        1.08    0.646E-05    0.181E-02
  0.0001    7.70   -0.817E-01   -0.413E-04   -0.249E-04    0.675E-01    0.387E-03    0.104E-03    0.640E-02      -0.370E-04        1.08    0.694E-05    0.188E-02
  0.0001    7.80   -0.839E-01   -0.414E-04   -0.250E-04    0.686E-01    0.399E-03    0.107E-03    0.664E-02      -0.370E-04        1.08    0.740E-05    0.193E-02
  0.0001    7.90   -0.838E-01   -0.414E-04   -0.250E-04    0.700E-01    0.410E-03    0.110E-03    0.686E-02      -0.371E-04        1.09    0.785E-05    0.200E-02
  0.0001    8.00   -0.859E-01   -0.415E-04   -0.250E-04    0.710E-01    0.421E-03    0.113E-03    0.709E-02      -0.371E-04        1.09    0.829E-05    0.205E-02
  0.0004    0.80   -0.499E-01   -0.162E-04   -0.979E-05   -0.214E-01    0.623E-03    0.000E+00    0.000E+00      -0.581E-04        0.53   -0.191E-06   -0.743E-05
  0.0004    0.90   -0.406E-01   -0.192E-04   -0.116E-04   -0.129E-01    0.248E-03    0.000E+00    0.000E+00      -0.688E-04        0.54   -0.226E-06   -0.880E-05
  0.0004    1.00   -0.246E-01   -0.211E-04   -0.128E-04   -0.319E-02   -0.264E-04    0.000E+00    0.000E+00      -0.757E-04        0.56   -0.249E-06   -0.968E-05
  0.0004    1.10   -0.275E-01   -0.231E-04   -0.140E-04   -0.503E-02   -0.289E-04    0.000E+00    0.000E+00      -0.829E-04        0.57   -0.273E-06   -0.106E-04
  0.0004    1.20   -0.241E-01   -0.248E-04   -0.150E-04   -0.239E-02   -0.310E-04    0.000E+00    0.000E+00      -0.889E-04        0.58   -0.292E-06   -0.114E-04
  0.0004    1.30   -0.273E-01   -0.262E-04   -0.158E-04   -0.784E-02   -0.328E-04    0.000E+00    0.000E+00      -0.939E-04        0.59   -0.309E-06   -0.120E-04
  0.0004    1.40   -0.265E-01   -0.274E-04   -0.166E-04   -0.681E-02   -0.343E-04    0.000E+00    0.000E+00      -0.983E-04        0.60   -0.323E-06   -0.126E-04
  0.0004    1.50   -0.242E-01   -0.282E-04   -0.170E-04   -0.492E-02   -0.352E-04    0.000E+00    0.000E+00      -0.101E-03        0.62   -0.332E-06   -0.129E-04
  0.0004    1.60   -0.243E-01   -0.291E-04   -0.176E-04   -0.233E-02    0.244E-02    0.000E+00    0.000E+00      -0.104E-03        0.63   -0.343E-06   -0.129E-04
  0.0004    1.70   -0.221E-01   -0.299E-04   -0.181E-04    0.585E-02    0.444E-02    0.000E+00    0.000E+00      -0.107E-03        0.64   -0.853E-07    0.728E-05
  0.0004    1.80   -0.195E-01   -0.307E-04   -0.185E-04    0.923E-02    0.596E-02    0.000E+00    0.000E+00      -0.110E-03        0.65   -0.304E-06   -0.141E-04
  0.0004    1.90   -0.317E-01   -0.316E-04   -0.191E-04    0.141E-01    0.912E-02    0.000E+00    0.000E+00      -0.113E-03        0.65   -0.372E-06   -0.145E-04
  0.0004    2.00   -0.260E-01   -0.322E-04   -0.194E-04    0.137E-01    0.931E-02    0.000E+00    0.000E+00      -0.577E-04        0.66    0.491E-06   -0.147E-04
  0.0004    2.10   -0.260E-01   -0.327E-04   -0.197E-04    0.110E-01    0.829E-02    0.000E+00    0.000E+00      -0.338E-04        0.67    0.567E-06    0.811E-05
  0.0004    2.20   -0.226E-01   -0.334E-04   -0.202E-04    0.741E-02    0.755E-02    0.000E+00    0.000E+00       0.231E-04        0.67    0.743E-06    0.231E-04
  0.0004    2.30   -0.293E-01   -0.338E-04   -0.204E-04    0.999E-02    0.931E-02    0.000E+00    0.000E+00      -0.550E-05        0.68   -0.399E-06    0.210E-04
  0.0004    2.40   -0.229E-01   -0.342E-04   -0.207E-04    0.107E-01    0.103E-01    0.000E+00    0.000E+00       0.367E-06        0.69   -0.403E-06    0.337E-05
  0.0004    2.50   -0.440E-01   -0.348E-04   -0.210E-04    0.179E-01    0.152E-01    0.000E+00    0.000E+00      -0.870E-04        0.69   -0.410E-06   -0.159E-04
  0.0004    2.60   -0.376E-01   -0.351E-04   -0.212E-04    0.557E-02    0.103E-01    0.000E+00    0.000E+00      -0.422E-04        0.70   -0.387E-06   -0.158E-04
  0.0004    2.70   -0.418E-01   -0.356E-04   -0.215E-04   -0.420E-02    0.740E-02    0.000E+00    0.000E+00      -0.222E-04        0.70    0.129E-06   -0.110E-04
  0.0004    2.80   -0.421E-01   -0.360E-04   -0.218E-04   -0.129E-01    0.470E-02    0.000E+00    0.000E+00      -0.400E-05        0.70    0.604E-06   -0.657E-05
  0.0004    2.90   -0.399E-01   -0.362E-04   -0.219E-04   -0.205E-01    0.219E-02    0.000E+00    0.000E+00       0.139E-04        0.71    0.105E-05   -0.237E-05
  0.0004    3.00   -0.403E-01   -0.366E-04   -0.221E-04   -0.284E-01   -0.458E-04    0.000E+00    0.000E+00       0.297E-04        0.71    0.146E-05    0.147E-05
  0.0004    3.10   -0.406E-01   -0.370E-04   -0.224E-04   -0.358E-01   -0.463E-04    0.000E+00    0.000E+00       0.448E-04        0.71    0.185E-05    0.507E-05
  0.0004    3.20   -0.441E-01   -0.374E-04   -0.226E-04   -0.428E-01   -0.467E-04    0.000E+00    0.000E+00       0.587E-04        0.71    0.222E-05    0.844E-05
  0.0004    3.30   -0.420E-01   -0.375E-04   -0.227E-04   -0.486E-01   -0.469E-04    0.000E+00    0.000E+00       0.725E-04        0.72    0.256E-05    0.117E-04
  0.0004    3.40   -0.416E-01   -0.374E-04   -0.226E-04   -0.375E-01   -0.468E-04    0.000E+00    0.000E+00       0.588E-07        0.75    0.844E-06    0.212E-05
  0.0004    3.50   -0.440E-01   -0.373E-04   -0.225E-04   -0.274E-01    0.107E-02    0.000E+00    0.783E-09      -0.680E-04        0.78   -0.440E-06   -0.690E-05
  0.0004    3.60   -0.386E-01   -0.376E-04   -0.227E-04   -0.297E-01    0.205E-02    0.000E+00    0.146E-02      -0.135E-03        0.78   -0.443E-06    0.172E-03
  0.0004    3.70   -0.315E-01   -0.378E-04   -0.228E-04   -0.311E-01    0.298E-02    0.000E+00    0.284E-02      -0.135E-03        0.79   -0.445E-06    0.342E-03
  0.0004    3.80   -0.274E-01   -0.379E-04   -0.229E-04   -0.325E-01    0.385E-02    0.000E+00    0.111E-02      -0.136E-03        0.80   -0.447E-06    0.501E-03
  0.0004    3.90   -0.281E-01   -0.382E-04   -0.231E-04   -0.342E-01    0.470E-02    0.000E+00    0.000E+00      -0.137E-03        0.80   -0.450E-06    0.654E-03
  0.0004    4.00   -0.180E-01   -0.380E-04   -0.230E-04   -0.347E-01   -0.476E-04    0.000E+00    0.000E+00      -0.136E-03        0.83   -0.449E-06    0.126E-02
  0.0004    4.10   -0.328E-01   -0.379E-04   -0.229E-04   -0.514E-02    0.104E-03    0.329E-04    0.000E+00      -0.136E-03        0.86   -0.447E-06    0.108E-02
  0.0004    4.20   -0.363E-01   -0.381E-04   -0.230E-04    0.324E-02    0.152E-03    0.350E-04    0.510E-03      -0.136E-03        0.87   -0.449E-06    0.113E-02
  0.0004    4.30   -0.395E-01   -0.382E-04   -0.231E-04    0.112E-01    0.199E-03    0.372E-04    0.100E-02      -0.137E-03        0.88   -0.450E-06    0.118E-02
  0.0004    4.40   -0.426E-01   -0.383E-04   -0.231E-04    0.186E-01    0.243E-03    0.391E-04    0.147E-02      -0.137E-03        0.89   -0.452E-06    0.123E-02
  0.0004    4.50   -0.456E-01   -0.384E-04   -0.232E-04    0.259E-01    0.285E-03    0.411E-04    0.193E-02      -0.138E-03        0.90    0.590E-05    0.127E-02
  0.0004    4.60   -0.484E-01   -0.385E-04   -0.233E-04    0.248E-01    0.284E-03    0.424E-04    0.205E-02      -0.138E-03        0.91    0.683E-05    0.135E-02
  0.0004    4.70   -0.528E-01   -0.387E-04   -0.234E-04    0.254E-01    0.284E-03    0.436E-04    0.217E-02      -0.139E-03        0.91    0.769E-05    0.142E-02
  0.0004    4.80   -0.553E-01   -0.388E-04   -0.234E-04    0.244E-01    0.283E-03    0.448E-04    0.229E-02      -0.139E-03        0.92    0.854E-05    0.149E-02
  0.0004    4.90   -0.593E-01   -0.390E-04   -0.236E-04    0.229E-01    0.282E-03    0.459E-04    0.241E-02      -0.140E-03        0.92    0.934E-05    0.156E-02
  0.0004    5.00   -0.617E-01   -0.391E-04   -0.236E-04    0.240E-01    0.283E-03    0.472E-04    0.252E-02      -0.140E-03        0.93    0.101E-04    0.162E-02
  0.0004    5.10   -0.639E-01   -0.392E-04   -0.237E-04    0.270E-01    0.286E-03    0.510E-04    0.278E-02      -0.140E-03        0.94    0.979E-05    0.167E-02
  0.0004    5.20   -0.656E-01   -0.393E-04   -0.238E-04    0.294E-01    0.289E-03    0.546E-04    0.306E-02      -0.141E-03        0.94    0.948E-05    0.173E-02
  0.0004    5.30   -0.691E-01   -0.395E-04   -0.239E-04    0.317E-01    0.292E-03    0.583E-04    0.332E-02      -0.141E-03        0.94    0.918E-05    0.178E-02
  0.0004    5.40   -0.711E-01   -0.396E-04   -0.239E-04    0.344E-01    0.295E-03    0.617E-04    0.357E-02      -0.142E-03        0.95    0.889E-05    0.182E-02
  0.0004    5.50   -0.725E-01   -0.397E-04   -0.240E-04    0.365E-01    0.298E-03    0.651E-04    0.380E-02      -0.142E-03        0.95    0.860E-05    0.187E-02
  0.0004    5.60   -0.744E-01   -0.398E-04   -0.240E-04    0.390E-01    0.300E-03    0.682E-04    0.404E-02      -0.143E-03        0.96    0.833E-05    0.191E-02
  0.0004    5.70   -0.775E-01   -0.399E-04   -0.241E-04    0.410E-01    0.303E-03    0.714E-04    0.426E-02      -0.143E-03        0.96    0.807E-05    0.196E-02
  0.0004    5.80   -0.805E-01   -0.401E-04   -0.242E-04    0.429E-01    0.305E-03    0.743E-04    0.447E-02      -0.144E-03        0.96    0.782E-05    0.200E-02
  0.0004    5.90   -0.804E-01   -0.401E-04   -0.242E-04    0.452E-01    0.309E-03    0.773E-04    0.468E-02      -0.144E-03        0.97    0.758E-05    0.203E-02
  0.0004    6.00   -0.833E-01   -0.402E-04   -0.243E-04    0.470E-01    0.311E-03    0.800E-04    0.488E-02      -0.144E-03        0.97    0.734E-05    0.208E-02
  0.0004    6.10   -0.815E-01   -0.403E-04   -0.243E-04    0.474E-01    0.305E-03    0.797E-04    0.484E-02      -0.144E-03        0.98    0.697E-05    0.200E-02
  0.0004    6.20   -0.814E-01   -0.403E-04   -0.244E-04    0.495E-01    0.301E-03    0.794E-04    0.481E-02      -0.145E-03        0.99    0.661E-05    0.193E-02
  0.0004    6.30   -0.810E-01   -0.405E-04   -0.244E-04    0.511E-01    0.297E-03    0.790E-04    0.476E-02      -0.145E-03        0.99    0.625E-05    0.187E-02
  0.0004    6.40   -0.793E-01   -0.405E-04   -0.245E-04    0.531E-01    0.292E-03    0.787E-04    0.473E-02      -0.145E-03        1.00    0.591E-05    0.181E-02
  0.0004    6.50   -0.777E-01   -0.405E-04   -0.245E-04    0.535E-01    0.288E-03    0.785E-04    0.469E-02      -0.145E-03        1.01    0.558E-05    0.175E-02
  0.0004    6.60   -0.789E-01   -0.407E-04   -0.246E-04    0.550E-01    0.284E-03    0.780E-04    0.467E-02      -0.146E-03        1.01    0.526E-05    0.168E-02
  0.0004    6.70   -0.773E-01   -0.407E-04   -0.246E-04    0.568E-01    0.279E-03    0.778E-04    0.463E-02      -0.146E-03        1.02    0.495E-05    0.162E-02
  0.0004    6.80   -0.758E-01   -0.407E-04   -0.246E-04    0.585E-01    0.276E-03    0.775E-04    0.460E-02      -0.146E-03        1.03    0.465E-05    0.157E-02
  0.0004    6.90   -0.769E-01   -0.408E-04   -0.247E-04    0.584E-01    0.272E-03    0.772E-04    0.457E-02      -0.146E-03        1.03    0.436E-05    0.152E-02
  0.0004    7.00   -0.755E-01   -0.409E-04   -0.247E-04    0.601E-01    0.267E-03    0.770E-04    0.454E-02      -0.146E-03        1.04    0.408E-05    0.145E-02
  0.0004    7.10   -0.766E-01   -0.410E-04   -0.248E-04    0.614E-01    0.281E-03    0.808E-04    0.482E-02      -0.147E-03        1.04    0.463E-05    0.153E-02
  0.0004    7.20   -0.780E-01   -0.410E-04   -0.248E-04    0.630E-01    0.295E-03    0.847E-04    0.508E-02      -0.147E-03        1.05    0.517E-05    0.159E-02
  0.0004    7.30   -0.790E-01   -0.411E-04   -0.248E-04    0.642E-01    0.308E-03    0.884E-04    0.534E-02      -0.147E-03        1.05    0.569E-05    0.167E-02
  0.0004    7.40   -0.799E-01   -0.412E-04   -0.249E-04    0.641E-01    0.319E-03    0.920E-04    0.559E-02      -0.148E-03        1.05    0.620E-05    0.172E-02
  0.0004    7.50   -0.822E-01   -0.413E-04   -0.249E-04    0.652E-01    0.331E-03    0.955E-04    0.584E-02      -0.148E-03        1.05    0.669E-05    0.179E-02
  0.0004    7.60   -0.822E-01   -0.413E-04   -0.250E-04    0.667E-01    0.343E-03    0.989E-04    0.608E-02      -0.148E-03        1.06    0.717E-05    0.185E-02
  0.0004    7.70   -0.844E-01   -0.414E-04   -0.250E-04    0.678E-01    0.355E-03    0.102E-03    0.631E-02      -0.148E-03        1.06    0.764E-05    0.192E-02
  0.0004    7.80   -0.852E-01   -0.415E-04   -0.251E-04    0.676E-01    0.366E-03    0.106E-03    0.654E-02      -0.149E-03        1.06    0.810E-05    0.197E-02
  0.0004    7.90   -0.861E-01   -0.416E-04   -0.251E-04    0.687E-01    0.377E-03    0.109E-03    0.676E-02      -0.149E-03        1.06    0.855E-05    0.203E-02
  0.0004    8.00   -0.872E-01   -0.416E-04   -0.251E-04    0.700E-01    0.387E-03    0.112E-03    0.698E-02      -0.149E-03        1.07    0.898E-05    0.208E-02
  0.0040    0.80   -0.617E-01   -0.174E-04   -0.105E-04   -0.211E-01    0.379E-03    0.000E+00    0.000E+00      -0.396E-03        0.51    0.548E-06    0.300E-05
  0.0040    0.90   -0.442E-01   -0.197E-04   -0.119E-04   -0.111E-01    0.117E-03    0.000E+00    0.000E+00      -0.270E-03        0.53    0.340E-05    0.156E-04
  0.0040    1.00   -0.292E-01   -0.216E-04   -0.131E-04   -0.297E-02   -0.940E-04    0.000E+00    0.000E+00      -0.170E-03        0.55    0.567E-05    0.260E-04
  0.0040    1.10   -0.310E-01   -0.236E-04   -0.142E-04   -0.433E-02   -0.102E-03    0.000E+00    0.000E+00      -0.173E-03        0.56    0.659E-05    0.293E-04
  0.0040    1.20   -0.274E-01   -0.252E-04   -0.152E-04   -0.213E-02   -0.958E-04    0.000E+00    0.000E+00      -0.149E-03        0.57    0.695E-05    0.403E-04
  0.0040    1.30   -0.355E-01   -0.270E-04   -0.163E-04   -0.760E-02   -0.108E-03    0.000E+00    0.000E+00      -0.197E-03        0.57    0.721E-05    0.388E-04
  0.0040    1.40   -0.290E-01   -0.278E-04   -0.168E-04   -0.510E-02   -0.116E-03    0.000E+00    0.000E+00      -0.167E-03        0.59    0.780E-05    0.484E-04
  0.0040    1.50   -0.310E-01   -0.288E-04   -0.174E-04   -0.529E-02   -0.115E-03    0.000E+00    0.000E+00      -0.179E-03        0.60    0.800E-05    0.427E-04
  0.0040    1.60   -0.256E-01   -0.294E-04   -0.178E-04   -0.137E-02    0.184E-02    0.000E+00    0.000E+00      -0.179E-03        0.62    0.835E-05    0.590E-04
  0.0040    1.70   -0.202E-01   -0.299E-04   -0.181E-04    0.620E-02    0.360E-02    0.000E+00    0.000E+00      -0.143E-03        0.64    0.871E-05    0.775E-04
  0.0040    1.80   -0.179E-01   -0.307E-04   -0.185E-04    0.930E-02    0.506E-02    0.000E+00    0.000E+00      -0.154E-03        0.65    0.866E-05    0.589E-04
  0.0040    1.90   -0.292E-01   -0.316E-04   -0.191E-04    0.139E-01    0.782E-02    0.000E+00    0.000E+00      -0.174E-03        0.65    0.849E-05    0.600E-04
  0.0040    2.00   -0.251E-01   -0.322E-04   -0.194E-04    0.138E-01    0.840E-02    0.000E+00    0.000E+00      -0.137E-03        0.66    0.921E-05    0.631E-04
  0.0040    2.10   -0.284E-01   -0.329E-04   -0.199E-04    0.116E-01    0.802E-02    0.000E+00    0.000E+00      -0.137E-03        0.66    0.921E-05    0.830E-04
  0.0040    2.20   -0.256E-01   -0.334E-04   -0.202E-04    0.102E-01    0.776E-02    0.000E+00    0.000E+00      -0.101E-03        0.67    0.929E-05    0.956E-04
  0.0040    2.30   -0.351E-01   -0.340E-04   -0.206E-04    0.114E-01    0.927E-02    0.000E+00    0.000E+00      -0.132E-03        0.67    0.821E-05    0.950E-04
  0.0040    2.40   -0.281E-01   -0.344E-04   -0.208E-04    0.122E-01    0.102E-01    0.000E+00    0.000E+00      -0.133E-03        0.68    0.832E-05    0.844E-04
  0.0040    2.50   -0.477E-01   -0.351E-04   -0.212E-04    0.162E-01    0.139E-01    0.000E+00    0.000E+00      -0.211E-03        0.67    0.734E-05    0.630E-04
  0.0040    2.60   -0.446E-01   -0.354E-04   -0.214E-04    0.721E-02    0.102E-01    0.000E+00    0.000E+00      -0.178E-03        0.68    0.840E-05    0.741E-04
  0.0040    2.70   -0.473E-01   -0.361E-04   -0.218E-04   -0.153E-02    0.799E-02    0.000E+00    0.000E+00      -0.175E-03        0.67    0.874E-05    0.790E-04
  0.0040    2.80   -0.507E-01   -0.365E-04   -0.221E-04   -0.873E-02    0.594E-02    0.000E+00    0.000E+00      -0.166E-03        0.67    0.912E-05    0.841E-04
  0.0040    2.90   -0.530E-01   -0.371E-04   -0.224E-04   -0.163E-01    0.402E-02    0.000E+00    0.000E+00      -0.163E-03        0.66    0.946E-05    0.883E-04
  0.0040    3.00   -0.527E-01   -0.374E-04   -0.226E-04   -0.225E-01    0.221E-02    0.000E+00    0.000E+00      -0.152E-03        0.66    0.975E-05    0.927E-04
  0.0040    3.10   -0.547E-01   -0.379E-04   -0.229E-04   -0.289E-01    0.526E-03    0.000E+00    0.000E+00      -0.150E-03        0.65    0.100E-04    0.965E-04
  0.0040    3.20   -0.575E-01   -0.383E-04   -0.231E-04   -0.343E-01   -0.478E-03    0.000E+00    0.000E+00      -0.143E-03        0.65    0.103E-04    0.100E-03
  0.0040    3.30   -0.593E-01   -0.387E-04   -0.234E-04   -0.402E-01   -0.484E-03    0.000E+00    0.000E+00      -0.141E-03        0.64    0.106E-04    0.104E-03
  0.0040    3.40   -0.560E-01   -0.384E-04   -0.232E-04   -0.317E-01    0.465E-04    0.000E+00    0.000E+00      -0.173E-03        0.68    0.941E-05    0.101E-03
  0.0040    3.50   -0.528E-01   -0.381E-04   -0.230E-04   -0.234E-01    0.247E-02    0.000E+00    0.683E-09      -0.206E-03        0.72    0.836E-05    0.981E-04
  0.0040    3.60   -0.497E-01   -0.384E-04   -0.232E-04   -0.257E-01    0.271E-02    0.000E+00    0.127E-02      -0.501E-03        0.72   -0.453E-05    0.324E-03
  0.0040    3.70   -0.421E-01   -0.385E-04   -0.233E-04   -0.273E-01    0.295E-02    0.000E+00    0.247E-02      -0.775E-03        0.73   -0.454E-05    0.537E-03
  0.0040    3.80   -0.395E-01   -0.388E-04   -0.234E-04   -0.296E-01    0.315E-02    0.000E+00    0.128E-02      -0.106E-02        0.73   -0.457E-05    0.738E-03
  0.0040    3.90   -0.377E-01   -0.389E-04   -0.235E-04   -0.308E-01    0.336E-02    0.000E+00    0.000E+00      -0.134E-02        0.74   -0.459E-05    0.929E-03
  0.0040    4.00   -0.273E-01   -0.388E-04   -0.234E-04   -0.313E-01   -0.485E-03    0.000E+00    0.000E+00      -0.123E-02        0.77   -0.457E-05    0.144E-02
  0.0040    4.10   -0.332E-01   -0.384E-04   -0.232E-04   -0.749E-02   -0.224E-03    0.307E-04    0.203E-03      -0.128E-02        0.82   -0.453E-05    0.134E-02
  0.0040    4.20   -0.364E-01   -0.385E-04   -0.233E-04   -0.118E-03   -0.186E-03    0.326E-04    0.590E-03      -0.137E-02        0.83   -0.454E-05    0.141E-02
  0.0040    4.30   -0.395E-01   -0.386E-04   -0.233E-04    0.668E-02   -0.153E-03    0.344E-04    0.960E-03      -0.138E-02        0.84   -0.107E-05    0.147E-02
  0.0040    4.40   -0.424E-01   -0.387E-04   -0.234E-04    0.132E-01   -0.120E-03    0.361E-04    0.131E-02      -0.139E-02        0.85    0.512E-05    0.153E-02
  0.0040    4.50   -0.436E-01   -0.387E-04   -0.234E-04    0.201E-01   -0.884E-04    0.376E-04    0.165E-02      -0.139E-02        0.87    0.110E-04    0.158E-02
  0.0040    4.60   -0.479E-01   -0.389E-04   -0.235E-04    0.207E-01   -0.887E-04    0.389E-04    0.177E-02      -0.139E-02        0.87    0.119E-04    0.166E-02
  0.0040    4.70   -0.505E-01   -0.390E-04   -0.236E-04    0.197E-01   -0.877E-04    0.400E-04    0.187E-02      -0.140E-02        0.88    0.128E-04    0.174E-02
  0.0040    4.80   -0.545E-01   -0.392E-04   -0.237E-04    0.203E-01   -0.879E-04    0.410E-04    0.198E-02      -0.140E-02        0.88    0.136E-04    0.181E-02
  0.0040    4.90   -0.568E-01   -0.393E-04   -0.237E-04    0.213E-01   -0.869E-04    0.422E-04    0.208E-02      -0.141E-02        0.89    0.144E-04    0.188E-02
  0.0040    5.00   -0.590E-01   -0.394E-04   -0.238E-04    0.223E-01   -0.860E-04    0.432E-04    0.218E-02      -0.141E-02        0.90    0.152E-04    0.194E-02
  0.0040    5.10   -0.626E-01   -0.395E-04   -0.239E-04    0.248E-01   -0.843E-04    0.463E-04    0.241E-02      -0.142E-02        0.90    0.151E-04    0.200E-02
  0.0040    5.20   -0.642E-01   -0.397E-04   -0.240E-04    0.271E-01   -0.827E-04    0.494E-04    0.263E-02      -0.142E-02        0.90    0.149E-04    0.205E-02
  0.0040    5.30   -0.662E-01   -0.398E-04   -0.240E-04    0.298E-01   -0.781E-04    0.523E-04    0.285E-02      -0.142E-02        0.91    0.149E-04    0.210E-02
  0.0040    5.40   -0.694E-01   -0.399E-04   -0.241E-04    0.320E-01   -0.767E-04    0.550E-04    0.304E-02      -0.143E-02        0.91    0.149E-04    0.215E-02
  0.0040    5.50   -0.708E-01   -0.401E-04   -0.242E-04    0.341E-01   -0.753E-04    0.576E-04    0.324E-02      -0.144E-02        0.91    0.149E-04    0.220E-02
  0.0040    5.60   -0.738E-01   -0.402E-04   -0.243E-04    0.361E-01   -0.739E-04    0.604E-04    0.343E-02      -0.144E-02        0.91    0.147E-04    0.224E-02
  0.0040    5.70   -0.755E-01   -0.403E-04   -0.243E-04    0.385E-01   -0.716E-04    0.628E-04    0.361E-02      -0.144E-02        0.92    0.147E-04    0.229E-02
  0.0040    5.80   -0.766E-01   -0.404E-04   -0.244E-04    0.404E-01   -0.703E-04    0.652E-04    0.379E-02      -0.145E-02        0.92    0.147E-04    0.233E-02
  0.0040    5.90   -0.795E-01   -0.405E-04   -0.245E-04    0.422E-01   -0.675E-04    0.676E-04    0.397E-02      -0.145E-02        0.92    0.145E-04    0.237E-02
  0.0040    6.00   -0.809E-01   -0.406E-04   -0.245E-04    0.443E-01   -0.653E-04    0.698E-04    0.413E-02      -0.145E-02        0.93    0.146E-04    0.241E-02
  0.0040    6.10   -0.791E-01   -0.406E-04   -0.245E-04    0.448E-01   -0.682E-04    0.697E-04    0.411E-02      -0.145E-02        0.94    0.144E-04    0.237E-02
  0.0040    6.20   -0.789E-01   -0.406E-04   -0.246E-04    0.468E-01   -0.726E-04    0.695E-04    0.410E-02      -0.146E-02        0.95    0.142E-04    0.233E-02
  0.0040    6.30   -0.799E-01   -0.408E-04   -0.246E-04    0.484E-01   -0.762E-04    0.694E-04    0.408E-02      -0.146E-02        0.95    0.141E-04    0.227E-02
  0.0040    6.40   -0.782E-01   -0.408E-04   -0.247E-04    0.504E-01   -0.788E-04    0.692E-04    0.406E-02      -0.146E-02        0.96    0.139E-04    0.223E-02
  0.0040    6.50   -0.781E-01   -0.408E-04   -0.247E-04    0.522E-01   -0.812E-04    0.691E-04    0.405E-02      -0.146E-02        0.97    0.138E-04    0.220E-02
  0.0040    6.60   -0.779E-01   -0.409E-04   -0.247E-04    0.540E-01   -0.852E-04    0.689E-04    0.403E-02      -0.146E-02        0.98    0.137E-04    0.216E-02
  0.0040    6.70   -0.763E-01   -0.409E-04   -0.247E-04    0.543E-01   -0.875E-04    0.688E-04    0.401E-02      -0.147E-02        0.99    0.135E-04    0.213E-02
  0.0040    6.80   -0.762E-01   -0.409E-04   -0.247E-04    0.560E-01   -0.897E-04    0.687E-04    0.399E-02      -0.147E-02        1.00    0.134E-04    0.209E-02
  0.0040    6.90   -0.746E-01   -0.410E-04   -0.248E-04    0.577E-01   -0.919E-04    0.686E-04    0.397E-02      -0.147E-02        1.01    0.133E-04    0.206E-02
  0.0040    7.00   -0.745E-01   -0.410E-04   -0.248E-04    0.594E-01   -0.940E-04    0.686E-04    0.396E-02      -0.147E-02        1.02    0.132E-04    0.203E-02
  0.0040    7.10   -0.755E-01   -0.411E-04   -0.248E-04    0.606E-01   -0.856E-04    0.713E-04    0.417E-02      -0.147E-02        1.02    0.136E-04    0.208E-02
  0.0040    7.20   -0.778E-01   -0.412E-04   -0.249E-04    0.604E-01   -0.775E-04    0.740E-04    0.436E-02      -0.148E-02        1.02    0.140E-04    0.213E-02
  0.0040    7.30   -0.787E-01   -0.413E-04   -0.249E-04    0.616E-01   -0.682E-04    0.767E-04    0.455E-02      -0.148E-02        1.02    0.144E-04    0.218E-02
  0.0040    7.40   -0.799E-01   -0.413E-04   -0.250E-04    0.631E-01   -0.597E-04    0.793E-04    0.473E-02      -0.148E-02        1.03    0.149E-04    0.223E-02
  0.0040    7.50   -0.807E-01   -0.414E-04   -0.250E-04    0.642E-01   -0.523E-04    0.819E-04    0.491E-02      -0.148E-02        1.03    0.153E-04    0.228E-02
  0.0040    7.60   -0.815E-01   -0.415E-04   -0.251E-04    0.653E-01   -0.437E-04    0.843E-04    0.508E-02      -0.149E-02        1.03    0.156E-04    0.232E-02
  0.0040    7.70   -0.836E-01   -0.416E-04   -0.251E-04    0.663E-01   -0.366E-04    0.868E-04    0.526E-02      -0.149E-02        1.03    0.161E-04    0.237E-02
  0.0040    7.80   -0.844E-01   -0.417E-04   -0.252E-04    0.661E-01   -0.297E-04    0.891E-04    0.542E-02      -0.149E-02        1.03    0.165E-04    0.241E-02
  0.0040    7.90   -0.864E-01   -0.417E-04   -0.252E-04    0.671E-01   -0.218E-04    0.914E-04    0.558E-02      -0.150E-02        1.03    0.169E-04    0.245E-02
  0.0040    8.00   -0.871E-01   -0.418E-04   -0.253E-04    0.681E-01   -0.153E-04    0.936E-04    0.574E-02      -0.150E-02        1.03    0.172E-04    0.250E-02
  0.0080    0.80   -0.716E-01   -0.186E-04   -0.112E-04   -0.203E-01    0.787E-04    0.000E+00    0.000E+00      -0.464E-03        0.49    0.723E-05    0.195E-04
  0.0080    0.90   -0.543E-01   -0.208E-04   -0.126E-04   -0.118E-01   -0.567E-04    0.000E+00    0.000E+00      -0.346E-03        0.51    0.104E-04    0.449E-04
  0.0080    1.00   -0.405E-01   -0.226E-04   -0.136E-04   -0.469E-02   -0.164E-03    0.000E+00    0.000E+00      -0.257E-03        0.53    0.131E-04    0.662E-04
  0.0080    1.10   -0.405E-01   -0.244E-04   -0.148E-04   -0.545E-02   -0.176E-03    0.000E+00    0.000E+00      -0.260E-03        0.54    0.145E-04    0.769E-04
  0.0080    1.20   -0.362E-01   -0.260E-04   -0.157E-04   -0.358E-02   -0.177E-03    0.000E+00    0.000E+00      -0.238E-03        0.55    0.155E-04    0.933E-04
  0.0080    1.30   -0.373E-01   -0.273E-04   -0.165E-04   -0.585E-02   -0.188E-03    0.000E+00    0.000E+00      -0.266E-03        0.56    0.162E-04    0.101E-03
  0.0080    1.40   -0.308E-01   -0.281E-04   -0.170E-04   -0.380E-02   -0.194E-03    0.000E+00    0.000E+00      -0.229E-03        0.58    0.170E-04    0.115E-03
  0.0080    1.50   -0.321E-01   -0.291E-04   -0.176E-04   -0.441E-02   -0.201E-03    0.000E+00    0.000E+00      -0.247E-03        0.59    0.174E-04    0.118E-03
  0.0080    1.60   -0.261E-01   -0.297E-04   -0.179E-04   -0.835E-03    0.118E-02    0.000E+00    0.000E+00      -0.235E-03        0.61    0.180E-04    0.136E-03
  0.0080    1.70   -0.214E-01   -0.302E-04   -0.183E-04    0.526E-02    0.266E-02    0.000E+00    0.000E+00      -0.200E-03        0.63    0.185E-04    0.153E-03
  0.0080    1.80   -0.208E-01   -0.309E-04   -0.187E-04    0.814E-02    0.403E-02    0.000E+00    0.000E+00      -0.217E-03        0.64    0.185E-04    0.145E-03
  0.0080    1.90   -0.254E-01   -0.316E-04   -0.191E-04    0.128E-01    0.637E-02    0.000E+00    0.000E+00      -0.237E-03        0.65    0.185E-04    0.151E-03
  0.0080    2.00   -0.242E-01   -0.322E-04   -0.194E-04    0.140E-01    0.740E-02    0.000E+00    0.000E+00      -0.225E-03        0.66    0.189E-04    0.154E-03
  0.0080    2.10   -0.324E-01   -0.331E-04   -0.200E-04    0.117E-01    0.765E-02    0.000E+00    0.000E+00      -0.261E-03        0.65    0.188E-04    0.164E-03
  0.0080    2.20   -0.313E-01   -0.336E-04   -0.203E-04    0.119E-01    0.802E-02    0.000E+00    0.000E+00      -0.253E-03        0.66    0.188E-04    0.174E-03
  0.0080    2.30   -0.401E-01   -0.342E-04   -0.207E-04    0.128E-01    0.923E-02    0.000E+00    0.000E+00      -0.288E-03        0.66    0.181E-04    0.178E-03
  0.0080    2.40   -0.368E-01   -0.346E-04   -0.209E-04    0.142E-01    0.101E-01    0.000E+00    0.000E+00      -0.296E-03        0.67    0.181E-04    0.174E-03
  0.0080    2.50   -0.545E-01   -0.355E-04   -0.215E-04    0.148E-01    0.124E-01    0.000E+00    0.000E+00      -0.378E-03        0.65    0.174E-04    0.158E-03
  0.0080    2.60   -0.537E-01   -0.360E-04   -0.218E-04    0.773E-02    0.101E-01    0.000E+00    0.000E+00      -0.368E-03        0.65    0.180E-04    0.170E-03
  0.0080    2.70   -0.583E-01   -0.368E-04   -0.222E-04    0.380E-03    0.867E-02    0.000E+00    0.000E+00      -0.393E-03        0.63    0.182E-04    0.174E-03
  0.0080    2.80   -0.600E-01   -0.374E-04   -0.226E-04   -0.552E-02    0.728E-02    0.000E+00    0.000E+00      -0.403E-03        0.62    0.184E-04    0.179E-03
  0.0080    2.90   -0.676E-01   -0.381E-04   -0.230E-04   -0.119E-01    0.601E-02    0.000E+00    0.000E+00      -0.425E-03        0.60    0.185E-04    0.179E-03
  0.0080    3.00   -0.713E-01   -0.387E-04   -0.234E-04   -0.179E-01    0.480E-02    0.000E+00    0.000E+00      -0.445E-03        0.58    0.187E-04    0.182E-03
  0.0080    3.10   -0.757E-01   -0.392E-04   -0.237E-04   -0.229E-01    0.370E-02    0.000E+00    0.000E+00      -0.453E-03        0.57    0.188E-04    0.186E-03
  0.0080    3.20   -0.790E-01   -0.398E-04   -0.240E-04   -0.282E-01    0.263E-02    0.000E+00    0.000E+00      -0.471E-03        0.55    0.190E-04    0.189E-03
  0.0080    3.30   -0.850E-01   -0.403E-04   -0.243E-04   -0.331E-01    0.165E-02    0.000E+00    0.000E+00      -0.488E-03        0.53    0.191E-04    0.191E-03
  0.0080    3.40   -0.735E-01   -0.397E-04   -0.240E-04   -0.261E-01    0.286E-02    0.000E+00    0.000E+00      -0.455E-03        0.59    0.187E-04    0.198E-03
  0.0080    3.50   -0.647E-01   -0.392E-04   -0.237E-04   -0.201E-01    0.402E-02    0.000E+00    0.569E-09      -0.434E-03        0.64    0.183E-04    0.206E-03
  0.0080    3.60   -0.611E-01   -0.395E-04   -0.238E-04   -0.226E-01    0.343E-02    0.000E+00    0.106E-02      -0.628E-03        0.64   -0.372E-05    0.483E-03
  0.0080    3.70   -0.556E-01   -0.396E-04   -0.239E-04   -0.245E-01    0.288E-02    0.000E+00    0.206E-02      -0.801E-03        0.65   -0.933E-05    0.743E-03
  0.0080    3.80   -0.524E-01   -0.398E-04   -0.240E-04   -0.267E-01    0.235E-02    0.000E+00    0.147E-02      -0.988E-03        0.65   -0.938E-05    0.991E-03
  0.0080    3.90   -0.494E-01   -0.400E-04   -0.242E-04   -0.288E-01    0.187E-02    0.000E+00    0.000E+00      -0.118E-02        0.65   -0.943E-05    0.123E-02
  0.0080    4.00   -0.373E-01   -0.396E-04   -0.239E-04   -0.279E-01   -0.844E-03    0.960E-05    0.000E+00      -0.111E-02        0.70   -0.934E-05    0.163E-02
  0.0080    4.10   -0.362E-01   -0.391E-04   -0.236E-04   -0.109E-01   -0.602E-03    0.283E-04    0.437E-03      -0.116E-02        0.76    0.197E-05    0.163E-02
  0.0080    4.20   -0.374E-01   -0.391E-04   -0.236E-04   -0.441E-02   -0.577E-03    0.298E-04    0.681E-03      -0.124E-02        0.78    0.590E-05    0.171E-02
  0.0080    4.30   -0.403E-01   -0.392E-04   -0.237E-04    0.120E-02   -0.556E-03    0.312E-04    0.914E-03      -0.133E-02        0.79    0.962E-05    0.178E-02
  0.0080    4.40   -0.413E-01   -0.392E-04   -0.237E-04    0.715E-02   -0.534E-03    0.325E-04    0.114E-02      -0.141E-02        0.81    0.132E-04    0.185E-02
  0.0080    4.50   -0.439E-01   -0.393E-04   -0.237E-04    0.127E-01   -0.515E-03    0.340E-04    0.135E-02      -0.149E-02        0.82    0.165E-04    0.193E-02
  0.0080    4.60   -0.465E-01   -0.393E-04   -0.238E-04    0.139E-01   -0.512E-03    0.350E-04    0.145E-02      -0.158E-02        0.83    0.175E-04    0.201E-02
  0.0080    4.70   -0.504E-01   -0.395E-04   -0.239E-04    0.145E-01   -0.511E-03    0.360E-04    0.154E-02      -0.166E-02        0.83    0.183E-04    0.208E-02
  0.0080    4.80   -0.527E-01   -0.396E-04   -0.239E-04    0.176E-01   -0.509E-03    0.369E-04    0.163E-02      -0.174E-02        0.84    0.192E-04    0.216E-02
  0.0080    4.90   -0.564E-01   -0.398E-04   -0.240E-04    0.181E-01   -0.509E-03    0.380E-04    0.172E-02      -0.182E-02        0.84    0.200E-04    0.223E-02
  0.0080    5.00   -0.584E-01   -0.398E-04   -0.241E-04    0.191E-01   -0.508E-03    0.388E-04    0.180E-02      -0.189E-02        0.85    0.208E-04    0.229E-02
  0.0080    5.10   -0.599E-01   -0.400E-04   -0.242E-04    0.215E-01   -0.506E-03    0.412E-04    0.198E-02      -0.196E-02        0.85    0.210E-04    0.236E-02
  0.0080    5.20   -0.632E-01   -0.402E-04   -0.243E-04    0.238E-01   -0.506E-03    0.433E-04    0.215E-02      -0.203E-02        0.85    0.211E-04    0.242E-02
  0.0080    5.30   -0.664E-01   -0.403E-04   -0.243E-04    0.260E-01   -0.504E-03    0.455E-04    0.230E-02      -0.210E-02        0.85    0.213E-04    0.246E-02
  0.0080    5.40   -0.682E-01   -0.404E-04   -0.244E-04    0.286E-01   -0.501E-03    0.476E-04    0.246E-02      -0.216E-02        0.86    0.214E-04    0.252E-02
  0.0080    5.50   -0.694E-01   -0.405E-04   -0.245E-04    0.307E-01   -0.501E-03    0.496E-04    0.262E-02      -0.222E-02        0.86    0.217E-04    0.256E-02
  0.0080    5.60   -0.723E-01   -0.406E-04   -0.245E-04    0.326E-01   -0.500E-03    0.514E-04    0.277E-02      -0.228E-02        0.86    0.218E-04    0.261E-02
  0.0080    5.70   -0.751E-01   -0.408E-04   -0.246E-04    0.345E-01   -0.500E-03    0.533E-04    0.289E-02      -0.233E-02        0.86    0.220E-04    0.264E-02
  0.0080    5.80   -0.761E-01   -0.409E-04   -0.247E-04    0.364E-01   -0.498E-03    0.552E-04    0.303E-02      -0.239E-02        0.86    0.221E-04    0.269E-02
  0.0080    5.90   -0.788E-01   -0.410E-04   -0.248E-04    0.381E-01   -0.498E-03    0.568E-04    0.317E-02      -0.244E-02        0.86    0.222E-04    0.274E-02
  0.0080    6.00   -0.801E-01   -0.410E-04   -0.248E-04    0.403E-01   -0.496E-03    0.585E-04    0.330E-02      -0.249E-02        0.87    0.223E-04    0.277E-02
  0.0080    6.10   -0.798E-01   -0.411E-04   -0.248E-04    0.424E-01   -0.496E-03    0.585E-04    0.330E-02      -0.246E-02        0.88    0.224E-04    0.277E-02
  0.0080    6.20   -0.795E-01   -0.411E-04   -0.248E-04    0.444E-01   -0.497E-03    0.587E-04    0.331E-02      -0.243E-02        0.89    0.226E-04    0.275E-02
  0.0080    6.30   -0.791E-01   -0.411E-04   -0.249E-04    0.463E-01   -0.498E-03    0.587E-04    0.330E-02      -0.241E-02        0.90    0.227E-04    0.273E-02
  0.0080    6.40   -0.777E-01   -0.411E-04   -0.248E-04    0.470E-01   -0.498E-03    0.587E-04    0.331E-02      -0.238E-02        0.92    0.227E-04    0.272E-02
  0.0080    6.50   -0.774E-01   -0.411E-04   -0.249E-04    0.489E-01   -0.499E-03    0.588E-04    0.331E-02      -0.236E-02        0.93    0.228E-04    0.270E-02
  0.0080    6.60   -0.771E-01   -0.412E-04   -0.249E-04    0.507E-01   -0.500E-03    0.589E-04    0.332E-02      -0.233E-02        0.94    0.229E-04    0.270E-02
  0.0080    6.70   -0.769E-01   -0.412E-04   -0.249E-04    0.524E-01   -0.501E-03    0.590E-04    0.331E-02      -0.231E-02        0.95    0.230E-04    0.268E-02
  0.0080    6.80   -0.766E-01   -0.412E-04   -0.249E-04    0.541E-01   -0.503E-03    0.590E-04    0.332E-02      -0.229E-02        0.96    0.229E-04    0.267E-02
  0.0080    6.90   -0.753E-01   -0.412E-04   -0.249E-04    0.561E-01   -0.501E-03    0.590E-04    0.332E-02      -0.227E-02        0.98    0.230E-04    0.265E-02
  0.0080    7.00   -0.737E-01   -0.412E-04   -0.249E-04    0.577E-01   -0.502E-03    0.590E-04    0.333E-02      -0.224E-02        0.99    0.231E-04    0.265E-02
  0.0080    7.10   -0.759E-01   -0.413E-04   -0.250E-04    0.589E-01   -0.499E-03    0.607E-04    0.344E-02      -0.229E-02        0.99    0.235E-04    0.268E-02
  0.0080    7.20   -0.767E-01   -0.414E-04   -0.250E-04    0.586E-01   -0.495E-03    0.622E-04    0.356E-02      -0.233E-02        0.99    0.238E-04    0.272E-02
  0.0080    7.30   -0.789E-01   -0.415E-04   -0.251E-04    0.598E-01   -0.491E-03    0.638E-04    0.366E-02      -0.237E-02        0.99    0.242E-04    0.274E-02
  0.0080    7.40   -0.796E-01   -0.416E-04   -0.251E-04    0.609E-01   -0.487E-03    0.653E-04    0.377E-02      -0.240E-02        0.99    0.245E-04    0.278E-02
  0.0080    7.50   -0.803E-01   -0.417E-04   -0.252E-04    0.619E-01   -0.484E-03    0.667E-04    0.388E-02      -0.244E-02        0.99    0.248E-04    0.280E-02
  0.0080    7.60   -0.823E-01   -0.417E-04   -0.252E-04    0.630E-01   -0.481E-03    0.682E-04    0.397E-02      -0.248E-02        0.99    0.252E-04    0.284E-02
  0.0080    7.70   -0.830E-01   -0.418E-04   -0.253E-04    0.640E-01   -0.477E-03    0.695E-04    0.408E-02      -0.251E-02        0.99    0.255E-04    0.286E-02
  0.0080    7.80   -0.849E-01   -0.419E-04   -0.253E-04    0.650E-01   -0.475E-03    0.709E-04    0.418E-02      -0.255E-02        0.99    0.256E-04    0.290E-02
  0.0080    7.90   -0.855E-01   -0.420E-04   -0.254E-04    0.659E-01   -0.471E-03    0.722E-04    0.427E-02      -0.258E-02        0.99    0.259E-04    0.292E-02
  0.0080    8.00   -0.861E-01   -0.421E-04   -0.254E-04    0.656E-01   -0.468E-03    0.734E-04    0.436E-02      -0.261E-02        0.99    0.262E-04    0.295E-02
  0.0200    0.80   -0.114E-01   -0.162E-04   -0.979E-05    0.101E-01   -0.153E-03    0.000E+00    0.000E+00      -0.128E-03        0.53    0.284E-04    0.170E-03
  0.0200    0.90   -0.139E-01   -0.192E-04   -0.116E-04    0.964E-02   -0.219E-03    0.000E+00    0.000E+00      -0.184E-03        0.54    0.329E-04    0.202E-03
  0.0200    1.00   -0.780E-02   -0.211E-04   -0.128E-04    0.126E-01   -0.240E-03    0.000E+00    0.000E+00      -0.144E-03        0.56    0.367E-04    0.239E-03
  0.0200    1.10   -0.101E-01   -0.231E-04   -0.140E-04    0.125E-01   -0.291E-03    0.000E+00    0.000E+00      -0.189E-03        0.57    0.397E-04    0.268E-03
  0.0200    1.20   -0.877E-02   -0.248E-04   -0.150E-04    0.133E-01   -0.308E-03    0.000E+00    0.000E+00      -0.185E-03        0.58    0.421E-04    0.298E-03
  0.0200    1.30   -0.107E-01   -0.262E-04   -0.158E-04    0.116E-01   -0.346E-03    0.000E+00    0.000E+00      -0.220E-03        0.59    0.441E-04    0.322E-03
  0.0200    1.40   -0.123E-01   -0.274E-04   -0.166E-04    0.109E-01   -0.371E-03    0.000E+00    0.000E+00      -0.250E-03        0.60    0.454E-04    0.343E-03
  0.0200    1.50   -0.906E-02   -0.282E-04   -0.170E-04    0.108E-01   -0.387E-03    0.000E+00    0.000E+00      -0.232E-03        0.62    0.466E-04    0.368E-03
  0.0200    1.60   -0.810E-02   -0.291E-04   -0.176E-04    0.102E-01   -0.400E-03    0.000E+00    0.000E+00      -0.239E-03        0.63    0.478E-04    0.389E-03
  0.0200    1.70   -0.102E-01   -0.299E-04   -0.181E-04    0.973E-02   -0.588E-05    0.000E+00    0.000E+00      -0.280E-03        0.64    0.482E-04    0.402E-03
  0.0200    1.80   -0.109E-01   -0.307E-04   -0.185E-04    0.104E-01    0.978E-03    0.000E+00    0.000E+00      -0.317E-03        0.65    0.486E-04    0.414E-03
  0.0200    1.90   -0.164E-01   -0.316E-04   -0.191E-04    0.116E-01    0.230E-02    0.000E+00    0.000E+00      -0.395E-03        0.65    0.487E-04    0.424E-03
  0.0200    2.00   -0.192E-01   -0.322E-04   -0.194E-04    0.146E-01    0.404E-02    0.000E+00    0.000E+00      -0.462E-03        0.66    0.490E-04    0.433E-03
  0.0200    2.10   -0.233E-01   -0.327E-04   -0.197E-04    0.183E-01    0.600E-02    0.000E+00    0.000E+00      -0.475E-03        0.67    0.483E-04    0.437E-03
  0.0200    2.20   -0.274E-01   -0.332E-04   -0.200E-04    0.216E-01    0.775E-02    0.000E+00    0.000E+00      -0.578E-03        0.68    0.482E-04    0.435E-03
  0.0200    2.30   -0.307E-01   -0.338E-04   -0.204E-04    0.209E-01    0.780E-02    0.000E+00    0.000E+00      -0.579E-03        0.68    0.483E-04    0.451E-03
  0.0200    2.40   -0.350E-01   -0.342E-04   -0.207E-04    0.226E-01    0.878E-02    0.000E+00    0.000E+00      -0.669E-03        0.69    0.482E-04    0.462E-03
  0.0200    2.50   -0.349E-01   -0.346E-04   -0.209E-04    0.225E-01    0.912E-02    0.000E+00    0.000E+00      -0.672E-03        0.70    0.480E-04    0.480E-03
  0.0200    2.60   -0.349E-01   -0.349E-04   -0.211E-04    0.229E-01    0.959E-02    0.000E+00    0.000E+00      -0.675E-03        0.71    0.475E-04    0.493E-03
  0.0200    2.70   -0.311E-01   -0.352E-04   -0.213E-04    0.228E-01    0.958E-02    0.000E+00    0.000E+00      -0.677E-03        0.72    0.478E-04    0.508E-03
  0.0200    2.80   -0.312E-01   -0.355E-04   -0.214E-04    0.225E-01    0.957E-02    0.000E+00    0.000E+00      -0.644E-03        0.73    0.476E-04    0.526E-03
  0.0200    2.90   -0.313E-01   -0.358E-04   -0.216E-04    0.224E-01    0.977E-02    0.000E+00    0.000E+00      -0.647E-03        0.74    0.475E-04    0.543E-03
  0.0200    3.00   -0.337E-01   -0.362E-04   -0.218E-04    0.211E-01    0.974E-02    0.000E+00    0.000E+00      -0.679E-03        0.74    0.477E-04    0.551E-03
  0.0200    3.10   -0.337E-01   -0.364E-04   -0.220E-04    0.208E-01    0.969E-02    0.000E+00    0.000E+00      -0.681E-03        0.75    0.479E-04    0.563E-03
  0.0200    3.20   -0.337E-01   -0.366E-04   -0.221E-04    0.209E-01    0.990E-02    0.000E+00    0.000E+00      -0.714E-03        0.76    0.478E-04    0.564E-03
  0.0200    3.30   -0.337E-01   -0.368E-04   -0.222E-04    0.206E-01    0.101E-01    0.000E+00    0.000E+00      -0.715E-03        0.77    0.480E-04    0.563E-03
  0.0200    3.40   -0.337E-01   -0.370E-04   -0.223E-04    0.212E-01    0.103E-01    0.000E+00    0.000E+00      -0.715E-03        0.78    0.482E-04    0.567E-03
  0.0200    3.50   -0.337E-01   -0.372E-04   -0.225E-04    0.215E-01    0.103E-01    0.000E+00    0.199E-17      -0.716E-03        0.79    0.487E-04    0.574E-03
  0.0200    3.60   -0.290E-01   -0.372E-04   -0.225E-04    0.192E-01    0.917E-02    0.000E+00    0.783E-18      -0.637E-03        0.81    0.492E-04    0.584E-03
  0.0200    3.70   -0.264E-01   -0.374E-04   -0.226E-04    0.155E-01    0.775E-02    0.370E-14    0.873E-16      -0.613E-03        0.82    0.496E-04    0.601E-03
  0.0200    3.80   -0.221E-01   -0.374E-04   -0.226E-04    0.135E-01    0.690E-02    0.655E-08    0.152E-09      -0.594E-03        0.84    0.501E-04    0.609E-03
  0.0200    3.90   -0.214E-01   -0.373E-04   -0.225E-04    0.126E-01    0.628E-02    0.117E-05    0.313E-07      -0.553E-03        0.87    0.508E-04    0.617E-03
  0.0200    4.00   -0.192E-01   -0.374E-04   -0.226E-04    0.105E-01    0.543E-02    0.260E-04    0.101E-05      -0.533E-03        0.88    0.574E-04    0.622E-03
  0.0200    4.10   -0.118E-01   -0.380E-04   -0.230E-04    0.592E-02   -0.220E-03    0.295E-03    0.246E-02      -0.476E-03        0.85    0.256E-03    0.179E-02
  0.0200    4.20   -0.753E-02   -0.382E-04   -0.231E-04    0.392E-02   -0.148E-02    0.357E-04    0.255E-02      -0.577E-03        0.86    0.818E-04    0.248E-02
  0.0200    4.30   -0.581E-02   -0.383E-04   -0.231E-04    0.201E-02   -0.163E-02    0.267E-04    0.167E-02      -0.744E-03        0.87    0.579E-04    0.270E-02
  0.0200    4.40   -0.257E-02   -0.383E-04   -0.231E-04    0.352E-03   -0.173E-02    0.192E-04    0.780E-03      -0.724E-03        0.89    0.438E-04    0.276E-02
  0.0200    4.50   -0.549E-02   -0.384E-04   -0.232E-04    0.149E-02   -0.173E-02    0.204E-04    0.716E-03      -0.858E-03        0.90    0.409E-04    0.288E-02
  0.0200    4.60   -0.610E-02   -0.385E-04   -0.233E-04    0.693E-02   -0.174E-02    0.239E-04    0.730E-03      -0.986E-03        0.91    0.384E-04    0.301E-02
  0.0200    4.70   -0.103E-01   -0.387E-04   -0.234E-04    0.942E-02   -0.174E-02    0.262E-04    0.783E-03      -0.115E-02        0.91    0.376E-04    0.311E-02
  0.0200    4.80   -0.129E-01   -0.388E-04   -0.234E-04    0.124E-01   -0.173E-02    0.271E-04    0.842E-03      -0.122E-02        0.92    0.375E-04    0.317E-02
  0.0200    4.90   -0.174E-01   -0.389E-04   -0.235E-04    0.152E-01   -0.171E-02    0.288E-04    0.894E-03      -0.134E-02        0.93    0.377E-04    0.329E-02
  0.0200    5.00   -0.211E-01   -0.391E-04   -0.236E-04    0.194E-01   -0.172E-02    0.292E-04    0.956E-03      -0.144E-02        0.93    0.378E-04    0.336E-02
  0.0200    5.10   -0.233E-01   -0.392E-04   -0.237E-04    0.240E-01   -0.172E-02    0.298E-04    0.101E-02      -0.154E-02        0.94    0.387E-04    0.346E-02
  0.0200    5.20   -0.268E-01   -0.393E-04   -0.238E-04    0.259E-01   -0.172E-02    0.304E-04    0.107E-02      -0.166E-02        0.94    0.397E-04    0.352E-02
  0.0200    5.30   -0.288E-01   -0.394E-04   -0.238E-04    0.283E-01   -0.171E-02    0.311E-04    0.112E-02      -0.176E-02        0.95    0.405E-04    0.361E-02
  0.0200    5.40   -0.308E-01   -0.395E-04   -0.238E-04    0.305E-01   -0.171E-02    0.317E-04    0.117E-02      -0.185E-02        0.96    0.414E-04    0.369E-02
  0.0200    5.50   -0.339E-01   -0.396E-04   -0.239E-04    0.322E-01   -0.171E-02    0.322E-04    0.122E-02      -0.195E-02        0.96    0.421E-04    0.376E-02
  0.0200    5.60   -0.357E-01   -0.397E-04   -0.240E-04    0.344E-01   -0.171E-02    0.327E-04    0.127E-02      -0.204E-02        0.97    0.429E-04    0.384E-02
  0.0200    5.70   -0.386E-01   -0.398E-04   -0.241E-04    0.360E-01   -0.171E-02    0.332E-04    0.132E-02      -0.214E-02        0.97    0.437E-04    0.389E-02
  0.0200    5.80   -0.403E-01   -0.399E-04   -0.241E-04    0.379E-01   -0.170E-02    0.338E-04    0.136E-02      -0.220E-02        0.98    0.444E-04    0.397E-02
  0.0200    5.90   -0.402E-01   -0.399E-04   -0.241E-04    0.399E-01   -0.170E-02    0.342E-04    0.141E-02      -0.228E-02        0.99    0.451E-04    0.403E-02
  0.0200    6.00   -0.429E-01   -0.401E-04   -0.242E-04    0.413E-01   -0.170E-02    0.347E-04    0.145E-02      -0.236E-02        0.99    0.457E-04    0.410E-02
  0.0200    6.10   -0.444E-01   -0.401E-04   -0.242E-04    0.431E-01   -0.170E-02    0.339E-04    0.143E-02      -0.240E-02        1.00    0.465E-04    0.413E-02
  0.0200    6.20   -0.470E-01   -0.403E-04   -0.243E-04    0.444E-01   -0.170E-02    0.334E-04    0.141E-02      -0.244E-02        1.00    0.471E-04    0.414E-02
  0.0200    6.30   -0.468E-01   -0.403E-04   -0.244E-04    0.477E-01   -0.170E-02    0.327E-04    0.139E-02      -0.246E-02        1.01    0.478E-04    0.417E-02
  0.0200    6.40   -0.492E-01   -0.404E-04   -0.244E-04    0.489E-01   -0.171E-02    0.322E-04    0.137E-02      -0.251E-02        1.01    0.484E-04    0.420E-02
  0.0200    6.50   -0.505E-01   -0.405E-04   -0.244E-04    0.505E-01   -0.170E-02    0.315E-04    0.136E-02      -0.253E-02        1.02    0.491E-04    0.423E-02
  0.0200    6.60   -0.513E-01   -0.406E-04   -0.245E-04    0.516E-01   -0.171E-02    0.309E-04    0.134E-02      -0.257E-02        1.02    0.496E-04    0.425E-02
  0.0200    6.70   -0.526E-01   -0.406E-04   -0.245E-04    0.531E-01   -0.171E-02    0.304E-04    0.133E-02      -0.259E-02        1.03    0.502E-04    0.426E-02
  0.0200    6.80   -0.548E-01   -0.407E-04   -0.246E-04    0.541E-01   -0.171E-02    0.299E-04    0.131E-02      -0.262E-02        1.03    0.508E-04    0.429E-02
  0.0200    6.90   -0.559E-01   -0.408E-04   -0.246E-04    0.555E-01   -0.171E-02    0.294E-04    0.130E-02      -0.265E-02        1.04    0.513E-04    0.431E-02
  0.0200    7.00   -0.566E-01   -0.409E-04   -0.247E-04    0.565E-01   -0.171E-02    0.289E-04    0.128E-02      -0.268E-02        1.04    0.519E-04    0.433E-02
  0.0200    7.10   -0.587E-01   -0.410E-04   -0.248E-04    0.575E-01   -0.172E-02    0.275E-04    0.122E-02      -0.268E-02        1.04    0.522E-04    0.433E-02
  0.0200    7.20   -0.583E-01   -0.410E-04   -0.248E-04    0.588E-01   -0.173E-02    0.263E-04    0.115E-02      -0.267E-02        1.05    0.524E-04    0.431E-02
  0.0200    7.30   -0.603E-01   -0.411E-04   -0.248E-04    0.597E-01   -0.174E-02    0.249E-04    0.109E-02      -0.265E-02        1.05    0.526E-04    0.430E-02
  0.0200    7.40   -0.613E-01   -0.411E-04   -0.248E-04    0.609E-01   -0.174E-02    0.238E-04    0.103E-02      -0.264E-02        1.06    0.529E-04    0.429E-02
  0.0200    7.50   -0.619E-01   -0.412E-04   -0.249E-04    0.618E-01   -0.175E-02    0.225E-04    0.972E-03      -0.264E-02        1.06    0.532E-04    0.428E-02
  0.0200    7.60   -0.638E-01   -0.413E-04   -0.250E-04    0.613E-01   -0.176E-02    0.213E-04    0.916E-03      -0.264E-02        1.06    0.533E-04    0.428E-02
  0.0200    7.70   -0.634E-01   -0.413E-04   -0.250E-04    0.624E-01   -0.176E-02    0.203E-04    0.860E-03      -0.261E-02        1.07    0.536E-04    0.426E-02
  0.0200    7.80   -0.652E-01   -0.414E-04   -0.250E-04    0.632E-01   -0.177E-02    0.191E-04    0.805E-03      -0.261E-02        1.07    0.538E-04    0.426E-02
  0.0200    7.90   -0.648E-01   -0.414E-04   -0.250E-04    0.643E-01   -0.177E-02    0.181E-04    0.753E-03      -0.260E-02        1.08    0.540E-04    0.424E-02
  0.0200    8.00   -0.665E-01   -0.415E-04   -0.251E-04    0.651E-01   -0.178E-02    0.170E-04    0.701E-03      -0.260E-02        1.08    0.543E-04    0.424E-02
  0.0500    0.80   -0.632E+00   -0.480E-04   -0.290E-04   -0.318E+00   -0.750E-02    0.000E+00    0.000E+00      -0.158E-01        0.00   -0.708E-04   -0.275E-02
  0.0500    0.90   -0.632E+00   -0.480E-04   -0.290E-04   -0.318E+00   -0.750E-02    0.000E+00    0.000E+00      -0.164E-01        0.00   -0.708E-04   -0.275E-02
  0.0500    1.00    0.118E-01   -0.216E-04   -0.131E-04   -0.327E-02   -0.202E-02    0.000E+00    0.000E+00      -0.508E-02        0.55    0.306E-04   -0.318E-03
  0.0500    1.10    0.133E-01   -0.240E-04   -0.145E-04   -0.464E-02   -0.225E-02    0.000E+00    0.000E+00      -0.564E-02        0.55    0.334E-04   -0.348E-03
  0.0500    1.20    0.192E-01   -0.252E-04   -0.152E-04   -0.382E-02   -0.235E-02    0.000E+00    0.000E+00      -0.585E-02        0.57    0.356E-04   -0.335E-03
  0.0500    1.30    0.176E-01   -0.270E-04   -0.163E-04   -0.647E-02   -0.254E-02    0.000E+00    0.000E+00      -0.632E-02        0.57    0.366E-04   -0.360E-03
  0.0500    1.40    0.224E-01   -0.278E-04   -0.168E-04   -0.563E-02   -0.261E-02    0.000E+00    0.000E+00      -0.646E-02        0.59    0.384E-04   -0.341E-03
  0.0500    1.50    0.230E-01   -0.288E-04   -0.174E-04   -0.903E-02   -0.273E-02    0.000E+00    0.000E+00      -0.673E-02        0.60    0.389E-04   -0.357E-03
  0.0500    1.60    0.248E-01   -0.297E-04   -0.179E-04   -0.950E-02   -0.283E-02    0.000E+00    0.000E+00      -0.693E-02        0.61    0.393E-04   -0.352E-03
  0.0500    1.70    0.283E-01   -0.302E-04   -0.183E-04   -0.980E-02   -0.288E-02    0.000E+00    0.000E+00      -0.700E-02        0.63    0.402E-04   -0.337E-03
  0.0500    1.80    0.267E-01   -0.312E-04   -0.189E-04   -0.125E-01   -0.284E-02    0.000E+00    0.000E+00      -0.731E-02        0.63    0.396E-04   -0.349E-03
  0.0500    1.90    0.287E-01   -0.316E-04   -0.191E-04   -0.110E-01   -0.209E-02    0.000E+00    0.000E+00      -0.736E-02        0.65    0.398E-04   -0.325E-03
  0.0500    2.00    0.252E-01   -0.324E-04   -0.196E-04   -0.114E-01   -0.116E-02    0.000E+00    0.000E+00      -0.766E-02        0.65    0.392E-04   -0.346E-03
  0.0500    2.10    0.202E-01   -0.329E-04   -0.199E-04   -0.784E-02    0.110E-02    0.000E+00    0.000E+00      -0.789E-02        0.66    0.382E-04   -0.362E-03
  0.0500    2.20    0.153E-01   -0.334E-04   -0.202E-04   -0.415E-02    0.319E-02    0.000E+00    0.000E+00      -0.809E-02        0.67    0.372E-04   -0.376E-03
  0.0500    2.30    0.117E-01   -0.338E-04   -0.204E-04   -0.208E-02    0.441E-02    0.000E+00    0.000E+00      -0.823E-02        0.68    0.363E-04   -0.376E-03
  0.0500    2.40    0.832E-02   -0.342E-04   -0.207E-04   -0.179E-03    0.557E-02    0.000E+00    0.000E+00      -0.840E-02        0.69    0.358E-04   -0.380E-03
  0.0500    2.50    0.672E-02   -0.348E-04   -0.210E-04   -0.131E-02    0.577E-02    0.000E+00    0.000E+00      -0.857E-02        0.69    0.352E-04   -0.379E-03
  0.0500    2.60    0.768E-02   -0.351E-04   -0.212E-04   -0.112E-02    0.594E-02    0.000E+00    0.000E+00      -0.863E-02        0.70    0.352E-04   -0.367E-03
  0.0500    2.70    0.856E-02   -0.354E-04   -0.214E-04   -0.132E-02    0.621E-02    0.000E+00    0.000E+00      -0.870E-02        0.71    0.345E-04   -0.356E-03
  0.0500    2.80    0.938E-02   -0.357E-04   -0.215E-04   -0.151E-02    0.646E-02    0.000E+00    0.000E+00      -0.879E-02        0.72    0.342E-04   -0.350E-03
  0.0500    2.90    0.101E-01   -0.359E-04   -0.217E-04   -0.168E-02    0.646E-02    0.000E+00    0.000E+00      -0.885E-02        0.73    0.340E-04   -0.334E-03
  0.0500    3.00    0.109E-01   -0.362E-04   -0.218E-04   -0.218E-02    0.645E-02    0.000E+00    0.000E+00      -0.890E-02        0.74    0.337E-04   -0.318E-03
  0.0500    3.10    0.115E-01   -0.364E-04   -0.220E-04   -0.264E-02    0.660E-02    0.000E+00    0.000E+00      -0.894E-02        0.75    0.338E-04   -0.323E-03
  0.0500    3.20    0.903E-02   -0.366E-04   -0.221E-04   -0.276E-02    0.675E-02    0.000E+00    0.000E+00      -0.902E-02        0.76    0.339E-04   -0.325E-03
  0.0500    3.30    0.780E-02   -0.369E-04   -0.223E-04   -0.384E-02    0.683E-02    0.000E+00    0.000E+00      -0.912E-02        0.76    0.340E-04   -0.332E-03
  0.0500    3.40    0.850E-02   -0.371E-04   -0.224E-04   -0.392E-02    0.690E-02    0.000E+00    0.000E+00      -0.916E-02        0.77    0.341E-04   -0.333E-03
  0.0500    3.50    0.916E-02   -0.373E-04   -0.225E-04   -0.343E-02    0.706E-02    0.000E+00    0.179E-17      -0.919E-02        0.78    0.342E-04   -0.334E-03
  0.0500    3.60    0.978E-02   -0.375E-04   -0.226E-04   -0.296E-02    0.720E-02    0.000E+00    0.347E-17      -0.923E-02        0.79    0.345E-04   -0.335E-03
  0.0500    3.70    0.104E-01   -0.376E-04   -0.227E-04   -0.224E-02    0.766E-02    0.000E+00    0.169E-17      -0.928E-02        0.80    0.345E-04   -0.345E-03
  0.0500    3.80    0.109E-01   -0.378E-04   -0.228E-04   -0.130E-02    0.807E-02    0.000E+00    0.000E+00      -0.934E-02        0.81    0.346E-04   -0.351E-03
  0.0500    3.90    0.889E-02   -0.379E-04   -0.229E-04   -0.413E-03    0.859E-02    0.139E-12    0.274E-14      -0.939E-02        0.82    0.341E-04   -0.354E-03
  0.0500    4.00    0.104E-01   -0.382E-04   -0.231E-04   -0.311E-02    0.769E-02    0.233E-06    0.460E-08      -0.942E-02        0.82    0.348E-04   -0.351E-03
  0.0500    4.10    0.158E-01   -0.383E-04   -0.231E-04   -0.759E-02    0.607E-02    0.243E-04    0.695E-06      -0.939E-02        0.83    0.404E-04   -0.332E-03
  0.0500    4.20    0.177E-01   -0.383E-04   -0.231E-04   -0.871E-02    0.521E-02    0.952E-04    0.457E-05      -0.934E-02        0.85    0.562E-04   -0.320E-03
  0.0500    4.30    0.186E-01   -0.382E-04   -0.231E-04   -0.904E-02    0.487E-02    0.793E-04    0.360E-05      -0.929E-02        0.88    0.533E-04   -0.317E-03
  0.0500    4.40    0.220E-01   -0.384E-04   -0.232E-04   -0.115E-01    0.148E-02    0.443E-03    0.141E-02      -0.931E-02        0.88    0.223E-03    0.141E-03
  0.0500    4.50    0.289E-01   -0.385E-04   -0.233E-04   -0.132E-01   -0.175E-02    0.791E-03    0.276E-02      -0.927E-02        0.89    0.385E-03    0.594E-03
  0.0500    4.60    0.343E-01   -0.390E-04   -0.236E-04   -0.197E-01   -0.504E-02    0.478E-04    0.396E-02      -0.948E-02        0.86    0.664E-04    0.205E-02
  0.0500    4.70    0.385E-01   -0.391E-04   -0.236E-04   -0.211E-01   -0.519E-02    0.296E-04    0.268E-02      -0.971E-02        0.87    0.502E-04    0.240E-02
  0.0500    4.80    0.418E-01   -0.391E-04   -0.236E-04   -0.239E-01   -0.530E-02    0.233E-04    0.156E-02      -0.974E-02        0.89    0.332E-04    0.253E-02
  0.0500    4.90    0.395E-01   -0.392E-04   -0.237E-04   -0.211E-01   -0.532E-02    0.227E-04    0.130E-02      -0.986E-02        0.90    0.296E-04    0.263E-02
  0.0500    5.00    0.361E-01   -0.394E-04   -0.238E-04   -0.191E-01   -0.535E-02    0.250E-04    0.130E-02      -0.101E-01        0.90    0.274E-04    0.272E-02
  0.0500    5.10    0.340E-01   -0.394E-04   -0.238E-04   -0.145E-01   -0.535E-02    0.263E-04    0.131E-02      -0.102E-01        0.91    0.268E-04    0.282E-02
  0.0500    5.20    0.309E-01   -0.396E-04   -0.239E-04   -0.127E-01   -0.536E-02    0.277E-04    0.132E-02      -0.103E-01        0.91    0.262E-04    0.290E-02
  0.0500    5.30    0.271E-01   -0.397E-04   -0.240E-04   -0.103E-01   -0.536E-02    0.289E-04    0.133E-02      -0.105E-01        0.92    0.259E-04    0.299E-02
  0.0500    5.40    0.253E-01   -0.397E-04   -0.240E-04   -0.799E-02   -0.535E-02    0.302E-04    0.134E-02      -0.106E-01        0.93    0.255E-04    0.308E-02
  0.0500    5.50    0.225E-01   -0.399E-04   -0.241E-04   -0.454E-02   -0.537E-02    0.313E-04    0.135E-02      -0.107E-01        0.93    0.250E-04    0.315E-02
  0.0500    5.60    0.208E-01   -0.399E-04   -0.241E-04   -0.244E-02   -0.537E-02    0.323E-04    0.136E-02      -0.108E-01        0.94    0.247E-04    0.323E-02
  0.0500    5.70    0.182E-01   -0.401E-04   -0.242E-04   -0.963E-03   -0.538E-02    0.335E-04    0.137E-02      -0.110E-01        0.94    0.243E-04    0.330E-02
  0.0500    5.80    0.167E-01   -0.401E-04   -0.243E-04    0.273E-02   -0.538E-02    0.345E-04    0.138E-02      -0.111E-01        0.95    0.239E-04    0.337E-02
  0.0500    5.90    0.152E-01   -0.402E-04   -0.243E-04    0.461E-02   -0.537E-02    0.356E-04    0.138E-02      -0.112E-01        0.96    0.236E-04    0.344E-02
  0.0500    6.00    0.128E-01   -0.403E-04   -0.244E-04    0.589E-02   -0.538E-02    0.365E-04    0.139E-02      -0.113E-01        0.96    0.231E-04    0.352E-02
  0.0500    6.10    0.115E-01   -0.404E-04   -0.244E-04    0.766E-02   -0.539E-02    0.348E-04    0.132E-02      -0.113E-01        0.97    0.241E-04    0.354E-02
  0.0500    6.20    0.915E-02   -0.405E-04   -0.245E-04    0.885E-02   -0.541E-02    0.329E-04    0.125E-02      -0.114E-01        0.97    0.250E-04    0.355E-02
  0.0500    6.30    0.951E-02   -0.405E-04   -0.245E-04    0.121E-01   -0.541E-02    0.313E-04    0.118E-02      -0.114E-01        0.98    0.260E-04    0.358E-02
  0.0500    6.40    0.730E-02   -0.407E-04   -0.246E-04    0.132E-01   -0.543E-02    0.295E-04    0.111E-02      -0.115E-01        0.98    0.266E-04    0.359E-02
  0.0500    6.50    0.614E-02   -0.407E-04   -0.246E-04    0.147E-01   -0.543E-02    0.280E-04    0.105E-02      -0.115E-01        0.99    0.276E-04    0.361E-02
  0.0500    6.60    0.405E-02   -0.408E-04   -0.247E-04    0.157E-01   -0.545E-02    0.265E-04    0.985E-03      -0.116E-01        0.99    0.283E-04    0.363E-02
  0.0500    6.70    0.297E-02   -0.408E-04   -0.247E-04    0.172E-01   -0.545E-02    0.249E-04    0.925E-03      -0.116E-01        1.00    0.291E-04    0.365E-02
  0.0500    6.80    0.246E-02   -0.409E-04   -0.247E-04    0.196E-01   -0.547E-02    0.235E-04    0.866E-03      -0.117E-01        1.00    0.298E-04    0.367E-02
  0.0500    6.90    0.143E-02   -0.410E-04   -0.248E-04    0.210E-01   -0.547E-02    0.220E-04    0.810E-03      -0.117E-01        1.01    0.306E-04    0.368E-02
  0.0500    7.00   -0.469E-03   -0.411E-04   -0.248E-04    0.218E-01   -0.549E-02    0.207E-04    0.754E-03      -0.118E-01        1.01    0.312E-04    0.369E-02
  0.0500    7.10   -0.143E-02   -0.411E-04   -0.248E-04    0.231E-01   -0.549E-02    0.193E-04    0.694E-03      -0.117E-01        1.02    0.312E-04    0.367E-02
  0.0500    7.20   -0.323E-02   -0.412E-04   -0.249E-04    0.239E-01   -0.551E-02    0.179E-04    0.636E-03      -0.117E-01        1.02    0.312E-04    0.364E-02
  0.0500    7.30   -0.276E-02   -0.412E-04   -0.249E-04    0.252E-01   -0.551E-02    0.164E-04    0.579E-03      -0.117E-01        1.03    0.313E-04    0.361E-02
  0.0500    7.40   -0.450E-02   -0.413E-04   -0.250E-04    0.259E-01   -0.553E-02    0.151E-04    0.524E-03      -0.118E-01        1.03    0.313E-04    0.359E-02
  0.0500    7.50   -0.535E-02   -0.413E-04   -0.250E-04    0.271E-01   -0.553E-02    0.139E-04    0.471E-03      -0.117E-01        1.04    0.313E-04    0.356E-02
  0.0500    7.60   -0.701E-02   -0.414E-04   -0.250E-04    0.278E-01   -0.554E-02    0.126E-04    0.420E-03      -0.117E-01        1.04    0.313E-04    0.355E-02
  0.0500    7.70   -0.651E-02   -0.415E-04   -0.250E-04    0.289E-01   -0.555E-02    0.114E-04    0.369E-03      -0.117E-01        1.05    0.314E-04    0.352E-02
  0.0500    7.80   -0.812E-02   -0.415E-04   -0.251E-04    0.296E-01   -0.556E-02    0.102E-04    0.319E-03      -0.117E-01        1.05    0.313E-04    0.349E-02
  0.0500    7.90   -0.888E-02   -0.416E-04   -0.251E-04    0.307E-01   -0.556E-02    0.900E-05    0.271E-03      -0.117E-01        1.06    0.314E-04    0.348E-02
  0.0500    8.00   -0.104E-01   -0.416E-04   -0.252E-04    0.313E-01   -0.558E-02    0.786E-05    0.224E-03      -0.117E-01        1.06    0.314E-04    0.345E-02
