#    Z       m        H              D           He3            He4          C12       O16            Ne20       Mg24          Si28        S32           Ca40         Fe56         Mrem     C13s           N14s
  0.0000   13.00   -0.154E+00   -0.422E-04   -0.223E-04    0.908E-01    0.570E-02    0.346E-01    0.118E-02    0.663E-02    0.618E-02    0.182E-02    0.225E-03    0.538E-02      1.57    0.645E-08    0.141E-03
  0.0000   15.00   -0.173E+00   -0.433E-04   -0.234E-04    0.702E-01    0.115E-01    0.515E-01    0.218E-01    0.455E-02    0.488E-02    0.213E-02    0.294E-03    0.467E-02      1.48    0.414E-08    0.124E-03
  0.0000   18.00   -0.215E+00   -0.436E-04   -0.245E-04    0.762E-01    0.122E-01    0.767E-01    0.274E-01    0.872E-02    0.644E-02    0.226E-02    0.244E-03    0.389E-02      1.65    0.146E-09    0.105E-04
  0.0000   20.00   -0.251E+00   -0.440E-04   -0.242E-04    0.700E-01    0.106E-01    0.105E+00    0.456E-01    0.750E-02    0.497E-02    0.266E-02    0.311E-03    0.350E-02      1.66    0.570E-09    0.271E-05
  0.0000   25.00   -0.271E+00   -0.443E-04   -0.183E-04    0.926E-01    0.118E-01    0.112E+00    0.213E-01    0.480E-02    0.140E-01    0.740E-02    0.992E-03    0.280E-02      1.92    0.588E-09    0.236E-04
  0.0000   30.00   -0.310E+00   -0.447E-04   -0.201E-04    0.868E-01    0.113E-01    0.160E+00    0.284E-01    0.757E-02    0.827E-02    0.387E-02    0.580E-03    0.233E-02      2.07    0.340E-09    0.547E-07
  0.0000   40.00   -0.348E+00   -0.445E-04   -0.263E-04    0.678E-01    0.107E-01    0.210E+00    0.767E-02    0.119E-01    0.258E-01    0.932E-02    0.932E-03    0.176E-02      2.89    0.805E-10    0.147E-07
  0.0000  100.00   -0.416E+00   -0.443E-04   -0.373E-04    0.337E-01    0.975E-02    0.298E+00    0.000E+00    0.198E-01    0.572E-01    0.192E-01    0.157E-02    0.714E-03      7.81    0.000E+00    0.000E+00
  0.0001   13.00   -0.155E+00   -0.422E-04   -0.215E-04    0.901E-01    0.594E-02    0.350E-01    0.157E-02    0.645E-02    0.625E-02    0.192E-02    0.237E-03    0.541E-02      1.58    0.117E-05    0.192E-03
  0.0001   15.00   -0.173E+00   -0.433E-04   -0.227E-04    0.754E-01    0.109E-01    0.483E-01    0.209E-01    0.451E-02    0.468E-02    0.202E-02    0.274E-03    0.467E-02      1.48    0.235E-06    0.131E-03
  0.0001   18.00   -0.215E+00   -0.436E-04   -0.238E-04    0.822E-01    0.117E-01    0.711E-01    0.257E-01    0.816E-02    0.666E-02    0.247E-02    0.263E-03    0.389E-02      1.65    0.272E-06    0.293E-04
  0.0001   20.00   -0.252E+00   -0.440E-04   -0.236E-04    0.701E-01    0.101E-01    0.106E+00    0.442E-01    0.794E-02    0.510E-02    0.267E-02    0.324E-03    0.350E-02      1.68   -0.310E-07    0.617E-04
  0.0001   25.00   -0.274E+00   -0.443E-04   -0.187E-04    0.881E-01    0.114E-01    0.116E+00    0.241E-01    0.503E-02    0.131E-01    0.688E-02    0.922E-03    0.280E-02      1.92    0.262E-06    0.530E-04
  0.0001   30.00   -0.314E+00   -0.447E-04   -0.203E-04    0.830E-01    0.105E-01    0.162E+00    0.304E-01    0.776E-02    0.800E-02    0.373E-02    0.558E-03    0.234E-02      2.07    0.142E-06    0.156E-04
  0.0001   40.00   -0.350E+00   -0.445E-04   -0.260E-04    0.653E-01    0.981E-02    0.209E+00    0.762E-02    0.125E-01    0.255E-01    0.922E-02    0.928E-03    0.176E-02      2.92    0.574E-06    0.166E-04
  0.0001  100.00   -0.418E+00   -0.442E-04   -0.267E-04    0.341E-01    0.855E-02    0.295E+00    0.000E+00    0.211E-01    0.567E-01    0.191E-01    0.160E-02    0.716E-03      8.01    0.135E-05    0.185E-04
  0.0004   13.00   -0.156E+00   -0.421E-04   -0.191E-04    0.862E-01    0.666E-02    0.362E-01    0.274E-02    0.591E-02    0.647E-02    0.222E-02    0.273E-03    0.546E-02      1.60    0.465E-05    0.345E-03
  0.0004   15.00   -0.174E+00   -0.432E-04   -0.204E-04    0.900E-01    0.908E-02    0.386E-01    0.181E-01    0.440E-02    0.406E-02    0.171E-02    0.215E-03    0.469E-02      1.50    0.928E-06    0.150E-03
  0.0004   18.00   -0.213E+00   -0.435E-04   -0.217E-04    0.101E+00    0.101E-01    0.552E-01    0.204E-01    0.652E-02    0.727E-02    0.309E-02    0.318E-03    0.391E-02      1.67    0.109E-05    0.855E-04
  0.0004   20.00   -0.255E+00   -0.438E-04   -0.218E-04    0.704E-01    0.885E-02    0.107E+00    0.399E-01    0.932E-02    0.554E-02    0.270E-02    0.363E-03    0.352E-02      1.74   -0.124E-06    0.240E-03
  0.0004   25.00   -0.282E+00   -0.443E-04   -0.197E-04    0.753E-01    0.104E-01    0.128E+00    0.323E-01    0.573E-02    0.104E-01    0.531E-02    0.717E-03    0.281E-02      1.92    0.105E-05    0.141E-03
  0.0004   30.00   -0.316E+00   -0.447E-04   -0.210E-04    0.710E-01    0.831E-02    0.167E+00    0.363E-01    0.834E-02    0.716E-02    0.335E-02    0.496E-03    0.235E-02      2.07    0.567E-06    0.622E-04
  0.0004   40.00   -0.355E+00   -0.444E-04   -0.252E-04    0.579E-01    0.712E-02    0.209E+00    0.747E-02    0.142E-01    0.242E-01    0.886E-02    0.918E-03    0.177E-02      3.00    0.230E-05    0.667E-04
  0.0004  100.00   -0.425E+00   -0.439E-04   -0.265E-04    0.342E-01    0.496E-02    0.285E+00    0.000E+00    0.248E-01    0.550E-01    0.188E-01    0.167E-02    0.721E-03      8.62    0.541E-05    0.746E-04
  0.0040   13.00   -0.161E+00   -0.421E-04   -0.123E-04    0.889E-01    0.623E-02    0.281E-01    0.102E-01    0.307E-02    0.461E-02    0.195E-02    0.231E-03    0.557E-02      1.61    0.951E-05    0.506E-03
  0.0040   15.00   -0.194E+00   -0.432E-04   -0.155E-04    0.102E+00    0.533E-02    0.179E-01    0.833E-02    0.467E-02    0.677E-02    0.218E-02    0.133E-03    0.486E-02      1.50    0.884E-05    0.659E-03
  0.0040   18.00   -0.261E+00   -0.437E-04   -0.140E-04    0.106E+00    0.529E-02    0.274E-01    0.111E-01    0.354E-02    0.513E-02    0.214E-02    0.267E-03    0.483E-02      1.61    0.283E-04    0.384E-02
  0.0040   20.00   -0.230E+00   -0.438E-04   -0.177E-04    0.121E+00    0.432E-02    0.481E-01    0.139E-01    0.452E-02    0.611E-02    0.246E-02    0.252E-03    0.369E-02      1.76    0.944E-05    0.717E-03
  0.0040   25.00   -0.285E+00   -0.448E-04   -0.197E-04    0.103E+00    0.472E-02    0.864E-01    0.328E-01    0.900E-02    0.466E-02    0.127E-02    0.762E-04    0.298E-02      1.68    0.100E-04    0.105E-02
  0.0040   30.00   -0.343E+00   -0.439E-04   -0.204E-04    0.323E-01    0.552E-02    0.158E+00    0.312E-01    0.696E-02    0.131E-01    0.621E-02    0.790E-03    0.248E-02      2.56    0.612E-05    0.469E-03
  0.0040   40.00   -0.433E+00   -0.446E-04   -0.225E-04   -0.325E-01    0.109E-01    0.197E+00    0.470E-01    0.916E-02    0.130E-01    0.553E-02    0.633E-03    0.186E-02      2.81    0.394E-05    0.445E-03
  0.0040  100.00   -0.596E+00   -0.459E-04   -0.262E-04   -0.149E+00    0.205E-01    0.268E+00    0.754E-01    0.131E-01    0.128E-01    0.430E-02    0.350E-03    0.742E-03      4.31    0.395E-08    0.403E-03
  0.0080   13.00   -0.156E+00   -0.421E-04   -0.118E-04    0.893E-01    0.607E-02    0.234E-01    0.831E-02    0.242E-02    0.478E-02    0.203E-02    0.181E-03    0.577E-02      1.61    0.202E-04    0.106E-02
  0.0080   15.00   -0.191E+00   -0.432E-04   -0.145E-04    0.102E+00    0.441E-02    0.142E-01    0.680E-02    0.375E-02    0.636E-02    0.207E-02    0.767E-04    0.505E-02      1.50    0.194E-04    0.127E-02
  0.0080   18.00   -0.252E+00   -0.437E-04   -0.139E-04    0.101E+00    0.518E-02    0.293E-01    0.104E-01    0.370E-02    0.513E-02    0.197E-02    0.172E-03    0.482E-02      1.60    0.340E-04    0.355E-02
  0.0080   20.00   -0.236E+00   -0.439E-04   -0.170E-04    0.111E+00    0.560E-02    0.474E-01    0.153E-01    0.390E-02    0.526E-02    0.204E-02    0.144E-03    0.386E-02      1.71    0.187E-04    0.119E-02
  0.0080   25.00   -0.294E+00   -0.448E-04   -0.193E-04    0.853E-01    0.436E-02    0.864E-01    0.331E-01    0.853E-02    0.465E-02    0.130E-02    0.296E-04    0.312E-02      1.68    0.674E-04    0.138E-02
  0.0080   30.00   -0.348E+00   -0.441E-04   -0.203E-04    0.298E-01    0.553E-02    0.150E+00    0.312E-01    0.638E-02    0.117E-01    0.539E-02    0.630E-03    0.261E-02      2.44    0.141E-04    0.949E-03
  0.0080   40.00   -0.469E+00   -0.448E-04   -0.234E-04   -0.600E-01    0.112E-01    0.192E+00    0.490E-01    0.842E-02    0.111E-01    0.468E-02    0.478E-03    0.188E-02      2.66   -0.967E-06    0.439E-03
  0.0080  100.00   -0.687E+00   -0.461E-04   -0.279E-04   -0.222E+00    0.213E-01    0.267E+00    0.812E-01    0.121E-01    0.101E-01    0.335E-02    0.204E-03    0.579E-03      3.95   -0.109E-04   -0.423E-03
  0.0200   13.00   -0.144E+00   -0.421E-04   -0.104E-04    0.888E-01    0.560E-02    0.923E-02    0.267E-02    0.456E-03    0.530E-02    0.230E-02    0.285E-04    0.635E-02      1.60    0.521E-04    0.273E-02
  0.0200   15.00   -0.181E+00   -0.432E-04   -0.116E-04    0.102E+00    0.164E-02    0.306E-02    0.226E-02    0.101E-02    0.512E-02    0.173E-02   -0.927E-04    0.563E-02      1.50    0.512E-04    0.311E-02
  0.0200   18.00   -0.224E+00   -0.438E-04   -0.137E-04    0.878E-01    0.482E-02    0.349E-01    0.828E-02    0.418E-02    0.514E-02    0.146E-02   -0.113E-03    0.479E-02      1.58    0.509E-04    0.267E-02
  0.0200   20.00   -0.253E+00   -0.443E-04   -0.149E-04    0.835E-01    0.948E-02    0.446E-01    0.197E-01    0.202E-02    0.268E-02    0.805E-03   -0.182E-03    0.438E-02      1.55    0.464E-04    0.258E-02
  0.0200   25.00   -0.320E+00   -0.448E-04   -0.182E-04    0.323E-01    0.328E-02    0.860E-01    0.341E-01    0.714E-02    0.464E-02    0.139E-02   -0.111E-03    0.355E-02      1.69    0.240E-03    0.235E-02
  0.0200   30.00   -0.363E+00   -0.446E-04   -0.199E-04    0.221E-01    0.554E-02    0.126E+00    0.312E-01    0.469E-02    0.752E-02    0.300E-02    0.151E-03    0.300E-02      2.10    0.377E-04    0.238E-02
  0.0200   40.00   -0.576E+00   -0.453E-04   -0.261E-04   -0.143E+00    0.121E-01    0.175E+00    0.553E-01    0.615E-02    0.553E-02    0.211E-02    0.121E-04    0.196E-02      2.21   -0.160E-04    0.413E-03
  0.0200  100.00   -0.684E+00   -0.466E-04   -0.282E-04   -0.268E+00    0.238E-01    0.264E+00    0.985E-01    0.876E-02    0.196E-02    0.519E-03   -0.239E-03    0.897E-04      2.87   -0.275E-04   -0.107E-02
  0.0500   13.00   -0.111E+00   -0.422E-04   -0.663E-05    0.888E-01    0.441E-02   -0.189E-01    0.000E+00    0.000E+00    0.655E-02    0.296E-02   -0.352E-03    0.779E-02      1.58    0.132E-03    0.688E-02
  0.0500   15.00   -0.156E+00   -0.432E-04   -0.417E-05    0.101E+00   -0.528E-02   -0.194E-01    0.000E+00    0.000E+00    0.202E-02    0.891E-03   -0.517E-03    0.706E-02      1.50    0.130E-03    0.772E-02
  0.0500   18.00   -0.154E+00   -0.439E-04   -0.132E-04    0.529E-01    0.391E-02    0.492E-01    0.297E-02    0.535E-02    0.514E-02    0.168E-03   -0.828E-03    0.471E-02      1.52    0.930E-04    0.465E-03
  0.0500   20.00   -0.294E+00   -0.452E-04   -0.952E-05    0.126E-01    0.190E-01    0.377E-01    0.307E-01   -0.273E-02    0.000E+00    0.000E+00    0.000E+00    0.566E-02      1.16    0.114E-03    0.601E-02
  0.0500   25.00   -0.386E+00   -0.447E-04   -0.155E-04   -0.100E+00    0.613E-03    0.852E-01    0.366E-01    0.366E-02    0.459E-02    0.161E-02   -0.460E-03    0.462E-02      1.71    0.670E-03    0.478E-02
  0.0500   30.00   -0.398E+00   -0.460E-04   -0.190E-04    0.111E-02    0.541E-02    0.654E-01    0.312E-01    0.350E-03    0.000E+00    0.000E+00    0.000E+00    0.399E-02      1.24    0.948E-04    0.590E-02
  0.0500   40.00   -0.615E+00   -0.467E-04   -0.282E-04   -0.310E+00    0.141E-01    0.133E+00    0.708E-01    0.414E-03    0.000E+00    0.000E+00    0.000E+00    0.216E-02      1.08   -0.551E-04    0.274E-03
  0.0500  100.00   -0.631E+00   -0.479E-04   -0.290E-04   -0.318E+00    0.297E-01    0.255E+00    0.142E+00    0.522E-03    0.000E+00    0.000E+00    0.000E+00    0.000E+00      0.17   -0.706E-04   -0.275E-02
