#    Z       m        H              D           He3            He4          C12         C13P          N14P          O16            Mrem     C13           N14
  0.0000    0.82    0.731E-02   -0.123E-04    0.532E-03   -0.239E-03    0.000E+00    0.000E+00    0.000E+00      0.000E+00       0.61    0.000E+00    0.000E+00
  0.0000    0.90   -0.297E-02   -0.149E-04    0.425E-03   -0.314E-02    0.000E+00    0.000E+00    0.000E+00      0.000E+00       0.62    0.000E+00    0.000E+00
  0.0000    0.98    0.223E-02   -0.167E-04    0.480E-03   -0.213E-02    0.000E+00    0.000E+00    0.000E+00      0.000E+00       0.64    0.000E+00    0.000E+00
  0.0000    1.08    0.418E-02   -0.182E-04    0.428E-03   -0.140E-02    0.000E+00    0.000E+00    0.000E+00      0.000E+00       0.67    0.000E+00    0.000E+00
  0.0000    1.18   -0.864E-02   -0.203E-04    0.305E-03    0.864E-02    0.385E-02    0.000E+00    0.000E+00      0.241E-03       0.68    0.000E+00    0.000E+00
  0.0000    1.29   -0.667E-01   -0.234E-04    0.325E-03    0.488E-01    0.213E-01    0.000E+00    0.000E+00      0.174E-02       0.66    0.000E+00    0.000E+00
  0.0000    1.42   -0.110E+00   -0.254E-04    0.252E-03    0.720E-01    0.325E-01    0.000E+00    0.000E+00      0.266E-02       0.67    0.000E+00    0.000E+00
  0.0000    1.55   -0.130E+00   -0.263E-04    0.202E-03    0.887E-01    0.391E-01    0.000E+00    0.000E+00      0.323E-02       0.70    0.000E+00    0.000E+00
  0.0000    1.70   -0.158E+00   -0.268E-04    0.111E-03    0.109E+00    0.478E-01    0.000E+00    0.000E+00      0.396E-02       0.75    0.000E+00    0.000E+00
  0.0000    1.86   -0.179E+00   -0.279E-04    0.108E-03    0.121E+00    0.531E-01    0.000E+00    0.000E+00      0.444E-02       0.78    0.000E+00    0.000E+00
  0.0000    2.04   -0.191E+00   -0.287E-04    0.871E-04    0.128E+00    0.569E-01    0.000E+00    0.000E+00      0.474E-02       0.82    0.000E+00    0.000E+00
  0.0000    2.23   -0.184E+00   -0.297E-04    0.758E-04    0.127E+00    0.552E-01    0.000E+00    0.000E+00      0.466E-02       0.85    0.000E+00    0.000E+00
  0.0000    2.45   -0.170E+00   -0.313E-04    0.717E-04    0.114E+00    0.498E-01    0.000E+00    0.000E+00      0.420E-02       0.85    0.000E+00    0.000E+00
  0.0000    2.68   -0.147E+00   -0.315E-04    0.653E-04    0.100E+00    0.437E-01    0.000E+00    0.000E+00      0.372E-02       0.92    0.000E+00    0.000E+00
  0.0000    2.94   -0.130E+00   -0.315E-04    0.582E-04    0.847E-01    0.374E-01    0.000E+00    0.000E+00      0.323E-02       1.01    0.000E+00    0.000E+00
  0.0000    3.22   -0.963E-01   -0.325E-04   -0.401E-05    0.631E-01    0.207E-01    0.207E-02    0.686E-02      0.241E-02       1.04    0.000E+00    0.000E+00
  0.0000    3.52   -0.621E-01   -0.337E-04   -0.203E-04    0.436E-01    0.304E-02    0.412E-02    0.148E-01      0.157E-02       1.05    0.000E+00    0.000E+00
  0.0000    3.86   -0.698E-01   -0.352E-04   -0.213E-04    0.496E-01    0.141E-03    0.756E-03    0.174E-01      0.116E-02       1.03    0.000E+00    0.000E+00
  0.0000    4.23   -0.722E-01   -0.364E-04   -0.220E-04    0.556E-01    0.000E+00    0.440E-03    0.149E-01      0.726E-03       1.02    0.000E+00    0.000E+00
  0.0000    4.63   -0.845E-01   -0.372E-04   -0.194E-04    0.737E-01    0.970E-03    0.174E-03    0.119E-01      0.475E-03       1.04    0.000E+00    0.000E+00
  0.0000    5.07   -0.118E+00   -0.379E-04   -0.174E-04    0.106E+00    0.925E-03    0.193E-03    0.132E-01      0.521E-03       1.07    0.000E+00    0.000E+00
  0.0000    5.56   -0.860E-01   -0.377E-04   -0.510E-05    0.806E-01    0.369E-03    0.844E-04    0.583E-02      0.174E-03       1.19    0.000E+00    0.000E+00
  0.0000    6.09   -0.647E-01   -0.378E-04    0.379E-05    0.647E-01    0.000E+00    0.000E+00    0.147E-03      0.000E+00       1.30    0.000E+00    0.000E+00
  0.0000    6.67   -0.840E-01   -0.386E-04   -0.409E-06    0.855E-01    0.000E+00    0.000E+00    0.119E-03      0.000E+00       1.30    0.000E+00    0.000E+00
  0.0000    7.30   -0.102E+00   -0.395E-04   -0.425E-05    0.105E+00    0.000E+00    0.000E+00    0.942E-04      0.000E+00       1.30    0.000E+00    0.000E+00
  0.0000    8.00   -0.119E+00   -0.402E-04   -0.766E-05    0.121E+00    0.000E+00    0.000E+00    0.712E-04      0.000E+00       1.30    0.000E+00    0.000E+00
  0.0001    0.82   -0.180E-02   -0.129E-04    0.532E-03   -0.305E-02   -0.402E-05    0.000E+00    0.000E+00     -0.115E-04       0.60   -0.380E-07   -0.148E-05
  0.0001    0.90   -0.178E-02   -0.149E-04    0.429E-03   -0.296E-02   -0.467E-05    0.000E+00    0.000E+00     -0.134E-04       0.62    0.695E-06   -0.171E-05
  0.0001    0.98    0.333E-02   -0.167E-04    0.483E-03   -0.187E-02   -0.520E-05    0.000E+00    0.000E+00     -0.149E-04       0.64   -0.491E-07   -0.191E-05
  0.0001    1.08   -0.269E-02   -0.187E-04    0.430E-03   -0.375E-02   -0.583E-05    0.000E+00    0.000E+00     -0.167E-04       0.66   -0.550E-07   -0.214E-05
  0.0001    1.18   -0.769E-02   -0.203E-04    0.308E-03    0.858E-02    0.380E-02    0.000E+00    0.000E+00      0.233E-03       0.68   -0.600E-07    0.367E-05
  0.0001    1.29   -0.650E-01   -0.234E-04    0.327E-03    0.488E-01    0.212E-01    0.000E+00    0.000E+00      0.171E-02       0.66   -0.691E-07   -0.269E-05
  0.0001    1.42   -0.109E+00   -0.254E-04    0.254E-03    0.713E-01    0.321E-01    0.000E+00    0.000E+00      0.263E-02       0.67   -0.747E-07   -0.290E-05
  0.0001    1.55   -0.128E+00   -0.263E-04    0.204E-03    0.880E-01    0.387E-01    0.000E+00    0.000E+00      0.318E-02       0.70   -0.776E-07   -0.302E-05
  0.0001    1.70   -0.156E+00   -0.268E-04    0.113E-03    0.109E+00    0.473E-01    0.000E+00    0.000E+00      0.391E-02       0.75   -0.791E-07   -0.307E-05
  0.0001    1.86   -0.177E+00   -0.279E-04    0.109E-03    0.121E+00    0.526E-01    0.000E+00    0.000E+00      0.438E-02       0.78   -0.822E-07   -0.319E-05
  0.0001    2.04   -0.189E+00   -0.287E-04    0.880E-04    0.127E+00    0.564E-01    0.000E+00    0.000E+00      0.469E-02       0.82   -0.846E-07   -0.329E-05
  0.0001    2.23   -0.182E+00   -0.297E-04    0.767E-04    0.126E+00    0.547E-01    0.000E+00    0.000E+00      0.459E-02       0.85   -0.876E-07   -0.340E-05
  0.0001    2.45   -0.168E+00   -0.313E-04    0.721E-04    0.113E+00    0.494E-01    0.000E+00    0.000E+00      0.418E-02       0.85   -0.924E-07   -0.359E-05
  0.0001    2.68   -0.146E+00   -0.315E-04    0.657E-04    0.996E-01    0.433E-01    0.000E+00    0.000E+00      0.368E-02       0.92    0.569E-05   -0.361E-05
  0.0001    2.94   -0.126E+00   -0.315E-04    0.585E-04    0.846E-01    0.374E-01    0.000E+00    0.000E+00      0.319E-02       1.01    0.175E-04   -0.361E-05
  0.0001    3.22   -0.962E-01   -0.325E-04   -0.311E-05    0.630E-01    0.206E-01    0.190E-02    0.677E-02      0.237E-02       1.04    0.151E-03   -0.372E-05
  0.0001    3.52   -0.619E-01   -0.337E-04   -0.203E-04    0.435E-01    0.311E-02    0.381E-02    0.146E-01      0.155E-02       1.05    0.277E-03   -0.386E-05
  0.0001    3.86   -0.670E-01   -0.352E-04   -0.213E-04    0.495E-01    0.188E-03    0.754E-03    0.170E-01      0.113E-02       1.03   -0.104E-06    0.183E-03
  0.0001    4.23   -0.720E-01   -0.364E-04   -0.220E-04    0.555E-01   -0.651E-05    0.437E-03    0.144E-01      0.705E-03       1.02   -0.107E-06    0.320E-03
  0.0001    4.63   -0.859E-01   -0.373E-04   -0.195E-04    0.730E-01    0.952E-03    0.169E-03    0.117E-01      0.453E-03       1.03    0.397E-05    0.119E-03
  0.0001    5.07   -0.118E+00   -0.379E-04   -0.174E-04    0.106E+00    0.907E-03    0.187E-03    0.129E-01      0.497E-03       1.07    0.452E-05    0.151E-03
  0.0001    5.56   -0.858E-01   -0.377E-04   -0.506E-05    0.805E-01    0.362E-03    0.817E-04    0.563E-02      0.166E-03       1.19    0.230E-05    0.158E-03
  0.0001    6.09   -0.645E-01   -0.378E-04    0.379E-05    0.646E-01   -0.118E-04    0.000E+00    0.000E+00     -0.338E-04       1.30    0.578E-06    0.159E-03
  0.0001    6.67   -0.838E-01   -0.386E-04   -0.409E-06    0.854E-01   -0.121E-04    0.000E+00    0.000E+00     -0.346E-04       1.30    0.589E-06    0.134E-03
  0.0001    7.30   -0.102E+00   -0.395E-04   -0.411E-05    0.105E+00   -0.123E-04    0.000E+00    0.000E+00     -0.353E-04       1.30    0.600E-06    0.111E-03
  0.0001    8.00   -0.119E+00   -0.402E-04   -0.766E-05    0.121E+00   -0.126E-04    0.000E+00    0.000E+00     -0.324E-04       1.30    0.610E-06    0.903E-04
  0.0004    0.82   -0.385E-03   -0.129E-04    0.534E-03   -0.243E-02   -0.161E-04    0.000E+00    0.000E+00     -0.461E-04       0.60   -0.152E-06   -0.590E-05
  0.0004    0.90   -0.446E-03   -0.149E-04    0.439E-03   -0.232E-02   -0.187E-04    0.000E+00    0.000E+00     -0.535E-04       0.62    0.968E-06   -0.657E-05
  0.0004    0.98    0.460E-02   -0.167E-04    0.492E-03   -0.894E-03   -0.208E-04    0.000E+00    0.000E+00     -0.597E-04       0.64    0.121E-06   -0.675E-05
  0.0004    1.08   -0.558E-03   -0.187E-04    0.440E-03   -0.206E-02   -0.233E-04    0.000E+00    0.000E+00     -0.669E-04       0.66    0.993E-07   -0.419E-05
  0.0004    1.18   -0.121E-01   -0.207E-04    0.318E-03    0.715E-02    0.365E-02    0.000E+00    0.000E+00      0.210E-03       0.67   -0.150E-07    0.541E-05
  0.0004    1.29   -0.674E-01   -0.238E-04    0.331E-03    0.459E-01    0.204E-01    0.000E+00    0.000E+00      0.164E-02       0.65   -0.281E-06   -0.109E-04
  0.0004    1.42   -0.104E+00   -0.254E-04    0.259E-03    0.696E-01    0.310E-01    0.000E+00    0.000E+00      0.251E-02       0.67   -0.299E-06   -0.116E-04
  0.0004    1.55   -0.122E+00   -0.263E-04    0.209E-03    0.858E-01    0.375E-01    0.000E+00    0.000E+00      0.306E-02       0.70   -0.310E-06   -0.121E-04
  0.0004    1.70   -0.154E+00   -0.271E-04    0.120E-03    0.105E+00    0.459E-01    0.000E+00    0.000E+00      0.377E-02       0.74   -0.320E-06   -0.124E-04
  0.0004    1.86   -0.170E+00   -0.279E-04    0.113E-03    0.118E+00    0.511E-01    0.000E+00    0.000E+00      0.423E-02       0.78   -0.329E-06   -0.128E-04
  0.0004    2.04   -0.182E+00   -0.287E-04    0.915E-04    0.125E+00    0.544E-01    0.000E+00    0.000E+00      0.452E-02       0.82   -0.338E-06   -0.132E-04
  0.0004    2.23   -0.179E+00   -0.299E-04    0.792E-04    0.122E+00    0.533E-01    0.000E+00    0.000E+00      0.442E-02       0.84   -0.353E-06   -0.137E-04
  0.0004    2.45   -0.163E+00   -0.313E-04    0.741E-04    0.111E+00    0.481E-01    0.000E+00    0.000E+00      0.401E-02       0.85   -0.370E-06   -0.144E-04
  0.0004    2.68   -0.142E+00   -0.315E-04    0.668E-04    0.982E-01    0.421E-01    0.000E+00    0.000E+00      0.355E-02       0.92    0.623E-05   -0.144E-04
  0.0004    2.94   -0.123E+00   -0.315E-04    0.592E-04    0.837E-01    0.364E-01    0.000E+00    0.000E+00      0.308E-02       1.01    0.176E-04   -0.144E-04
  0.0004    3.22   -0.926E-01   -0.325E-04   -0.348E-06    0.624E-01    0.203E-01    0.183E-02    0.652E-02      0.229E-02       1.04    0.146E-03   -0.149E-04
  0.0004    3.52   -0.635E-01   -0.338E-04   -0.204E-04    0.428E-01    0.337E-02    0.366E-02    0.140E-01      0.148E-02       1.04    0.267E-03   -0.155E-04
  0.0004    3.86   -0.665E-01   -0.352E-04   -0.213E-04    0.486E-01    0.329E-03    0.746E-03    0.165E-01      0.107E-02       1.03   -0.415E-06    0.200E-03
  0.0004    4.23   -0.714E-01   -0.364E-04   -0.220E-04    0.552E-01    0.218E-04    0.430E-03    0.140E-01      0.643E-03       1.02   -0.430E-06    0.345E-03
  0.0004    4.63   -0.853E-01   -0.373E-04   -0.195E-04    0.727E-01    0.897E-03    0.166E-03    0.114E-01      0.389E-03       1.03    0.427E-05    0.168E-03
  0.0004    5.07   -0.116E+00   -0.379E-04   -0.174E-04    0.104E+00    0.854E-03    0.182E-03    0.125E-01      0.426E-03       1.07    0.496E-05    0.202E-03
  0.0004    5.56   -0.852E-01   -0.377E-04   -0.497E-05    0.783E-01    0.341E-03    0.793E-04    0.545E-02      0.140E-03       1.19    0.346E-05    0.199E-03
  0.0004    6.09   -0.639E-01   -0.378E-04    0.396E-05    0.643E-01   -0.472E-04    0.000E+00    0.000E+00     -0.801E-04       1.30    0.231E-05    0.195E-03
  0.0004    6.67   -0.832E-01   -0.386E-04   -0.109E-06    0.851E-01   -0.448E-04    0.000E+00    0.000E+00     -0.653E-04       1.30    0.236E-05    0.177E-03
  0.0004    7.30   -0.101E+00   -0.395E-04   -0.397E-05    0.104E+00   -0.362E-04    0.000E+00    0.000E+00     -0.518E-04       1.30    0.240E-05    0.161E-03
  0.0004    8.00   -0.118E+00   -0.402E-04   -0.754E-05    0.121E+00   -0.284E-04    0.000E+00    0.000E+00     -0.394E-04       1.30    0.244E-05    0.148E-03
  0.0040    0.82    0.387E-02   -0.135E-04    0.553E-03    0.116E-02   -0.146E-04    0.000E+00    0.000E+00     -0.167E-03       0.59    0.312E-05   -0.104E-04
  0.0040    0.90   -0.202E-02   -0.160E-04    0.553E-03   -0.199E-03   -0.256E-04    0.000E+00    0.000E+00     -0.207E-03       0.60    0.414E-05   -0.922E-05
  0.0040    0.98    0.631E-02   -0.181E-04    0.602E-03    0.265E-02   -0.286E-04    0.000E+00    0.000E+00     -0.223E-03       0.61    0.515E-05   -0.388E-05
  0.0040    1.08   -0.246E-02   -0.204E-04    0.543E-03    0.462E-03   -0.472E-04    0.000E+00    0.000E+00     -0.263E-03       0.62    0.601E-05    0.444E-05
  0.0040    1.18   -0.890E-02   -0.224E-04    0.440E-03    0.484E-02    0.188E-02    0.000E+00    0.000E+00     -0.128E-03       0.63    0.694E-05    0.195E-04
  0.0040    1.29   -0.374E-01   -0.246E-04    0.384E-03    0.286E-01    0.118E-01    0.000E+00    0.000E+00      0.670E-03       0.63    0.695E-05    0.169E-04
  0.0040    1.42   -0.643E-01   -0.264E-04    0.328E-03    0.419E-01    0.182E-01    0.000E+00    0.000E+00      0.117E-02       0.64    0.696E-05    0.186E-04
  0.0040    1.55   -0.781E-01   -0.276E-04    0.267E-03    0.552E-01    0.231E-01    0.000E+00    0.000E+00      0.156E-02       0.66    0.727E-05    0.414E-04
  0.0040    1.70   -0.995E-01   -0.285E-04    0.195E-03    0.684E-01    0.292E-01    0.000E+00    0.000E+00      0.204E-02       0.69    0.687E-05    0.552E-04
  0.0040    1.86   -0.115E+00   -0.294E-04    0.160E-03    0.786E-01    0.333E-01    0.000E+00    0.000E+00      0.236E-02       0.72    0.648E-05    0.705E-04
  0.0040    2.04   -0.121E+00   -0.301E-04    0.132E-03    0.852E-01    0.356E-01    0.000E+00    0.000E+00      0.252E-02       0.76    0.655E-05    0.850E-04
  0.0040    2.23   -0.124E+00   -0.312E-04    0.111E-03    0.864E-01    0.355E-01    0.000E+00    0.000E+00      0.247E-02       0.78    0.686E-05    0.116E-03
  0.0040    2.45   -0.118E+00   -0.323E-04    0.956E-04    0.805E-01    0.328E-01    0.000E+00    0.000E+00      0.222E-02       0.80    0.749E-05    0.144E-03
  0.0040    2.68   -0.106E+00   -0.324E-04    0.819E-04    0.745E-01    0.297E-01    0.000E+00    0.000E+00      0.197E-02       0.87    0.128E-04    0.158E-03
  0.0040    2.94   -0.946E-01   -0.325E-04    0.695E-04    0.667E-01    0.266E-01    0.000E+00    0.000E+00      0.171E-02       0.95    0.190E-04    0.165E-03
  0.0040    3.22   -0.757E-01   -0.334E-04    0.320E-04    0.524E-01    0.168E-01    0.966E-03    0.342E-02      0.118E-02       0.98    0.871E-04    0.255E-05
  0.0040    3.52   -0.516E-01   -0.344E-04   -0.738E-05    0.391E-01    0.622E-02    0.196E-02    0.747E-02      0.621E-03       1.00    0.154E-03   -0.140E-03
  0.0040    3.86   -0.529E-01   -0.356E-04   -0.159E-04    0.398E-01    0.202E-02    0.648E-03    0.961E-02      0.246E-03       1.00    0.476E-04    0.402E-03
  0.0040    4.23   -0.548E-01   -0.365E-04   -0.195E-04    0.460E-01    0.361E-03    0.144E-03    0.898E-02     -0.111E-03       1.01    0.796E-05    0.660E-03
  0.0040    4.63   -0.678E-01   -0.373E-04   -0.200E-04    0.601E-01    0.240E-03    0.122E-03    0.778E-02     -0.374E-03       1.03    0.795E-05    0.756E-03
  0.0040    5.07   -0.884E-01   -0.380E-04   -0.180E-04    0.817E-01    0.208E-03    0.120E-03    0.779E-02     -0.424E-03       1.06    0.101E-04    0.812E-03
  0.0040    5.56   -0.707E-01   -0.378E-04   -0.378E-05    0.667E-01    0.867E-04    0.522E-04    0.340E-02     -0.181E-03       1.18    0.173E-04    0.699E-03
  0.0040    6.09   -0.587E-01   -0.378E-04    0.658E-05    0.586E-01   -0.558E-05    0.000E+00    0.000E+00      0.512E-05       1.30    0.231E-04    0.627E-03
  0.0040    6.67   -0.792E-01   -0.386E-04    0.199E-05    0.795E-01   -0.213E-04    0.000E+00    0.000E+00     -0.414E-04       1.30    0.236E-04    0.700E-03
  0.0040    7.30   -0.968E-01   -0.395E-04   -0.205E-05    0.987E-01   -0.342E-04    0.000E+00    0.000E+00     -0.836E-04       1.30    0.240E-04    0.770E-03
  0.0040    8.00   -0.115E+00   -0.402E-04   -0.579E-05    0.115E+00   -0.475E-04    0.000E+00    0.000E+00     -0.128E-03       1.30    0.244E-04    0.831E-03
  0.0080    0.82    0.893E-03   -0.146E-04    0.574E-03    0.228E-02   -0.378E-04    0.000E+00    0.000E+00     -0.368E-03       0.57    0.662E-05   -0.226E-04
  0.0080    0.90   -0.648E-03   -0.171E-04    0.680E-03    0.249E-02   -0.467E-04    0.000E+00    0.000E+00     -0.432E-03       0.58    0.742E-05   -0.220E-04
  0.0080    0.98    0.249E-02   -0.201E-04    0.726E-03    0.392E-02   -0.561E-04    0.000E+00    0.000E+00     -0.498E-03       0.57    0.103E-04   -0.178E-04
  0.0080    1.08   -0.728E-02   -0.227E-04    0.659E-03    0.878E-03   -0.954E-04    0.000E+00    0.000E+00     -0.597E-03       0.57    0.121E-04   -0.593E-05
  0.0080    1.18   -0.213E-02   -0.240E-04    0.575E-03    0.359E-02   -0.116E-03    0.000E+00    0.000E+00     -0.610E-03       0.59    0.143E-04    0.207E-04
  0.0080    1.29   -0.839E-02   -0.257E-04    0.443E-03    0.879E-02    0.223E-02    0.000E+00    0.000E+00     -0.468E-03       0.60    0.162E-04    0.569E-04
  0.0080    1.42   -0.175E-01   -0.274E-04    0.405E-03    0.108E-01    0.391E-02    0.000E+00    0.000E+00     -0.399E-03       0.61    0.173E-04    0.751E-04
  0.0080    1.55   -0.256E-01   -0.288E-04    0.332E-03    0.214E-01    0.715E-02    0.000E+00    0.000E+00     -0.187E-03       0.62    0.189E-04    0.148E-03
  0.0080    1.70   -0.402E-01   -0.302E-04    0.279E-03    0.276E-01    0.105E-01    0.000E+00    0.000E+00     -0.471E-06       0.63    0.188E-04    0.170E-03
  0.0080    1.86   -0.504E-01   -0.310E-04    0.213E-03    0.362E-01    0.136E-01    0.000E+00    0.000E+00      0.168E-03       0.66    0.180E-04    0.219E-03
  0.0080    2.04   -0.552E-01   -0.318E-04    0.176E-03    0.404E-01    0.145E-01    0.000E+00    0.000E+00      0.179E-03       0.69    0.184E-04    0.277E-03
  0.0080    2.23   -0.601E-01   -0.325E-04    0.146E-03    0.471E-01    0.157E-01    0.000E+00    0.000E+00      0.204E-03       0.72    0.188E-04    0.339E-03
  0.0080    2.45   -0.649E-01   -0.331E-04    0.120E-03    0.479E-01    0.159E-01    0.000E+00    0.000E+00      0.170E-03       0.76    0.193E-04    0.370E-03
  0.0080    2.68   -0.637E-01   -0.335E-04    0.988E-04    0.477E-01    0.158E-01    0.000E+00    0.000E+00      0.137E-03       0.81    0.199E-04    0.391E-03
  0.0080    2.94   -0.647E-01   -0.336E-04    0.807E-04    0.471E-01    0.156E-01    0.000E+00    0.000E+00      0.107E-03       0.88    0.202E-04    0.403E-03
  0.0080    3.22   -0.570E-01   -0.344E-04    0.680E-04    0.403E-01    0.128E-01    0.120E-04    0.432E-07     -0.126E-03       0.91    0.212E-04    0.423E-03
  0.0080    3.52   -0.430E-01   -0.352E-04    0.552E-04    0.338E-01    0.940E-02    0.622E-04    0.140E-03     -0.391E-03       0.94    0.281E-04    0.456E-03
  0.0080    3.86   -0.359E-01   -0.359E-04    0.912E-05    0.297E-01    0.389E-02    0.541E-03    0.197E-02     -0.692E-03       0.97    0.104E-03    0.619E-03
  0.0080    4.23   -0.414E-01   -0.368E-04   -0.139E-04    0.343E-01    0.733E-03    0.409E-03    0.336E-02     -0.963E-03       0.99    0.738E-04    0.101E-02
  0.0080    4.63   -0.489E-01   -0.374E-04   -0.205E-04    0.465E-01   -0.495E-03    0.726E-04    0.374E-02     -0.123E-02       1.02    0.120E-04    0.141E-02
  0.0080    5.07   -0.586E-01   -0.381E-04   -0.185E-04    0.551E-01   -0.514E-03    0.499E-04    0.256E-02     -0.137E-02       1.05    0.157E-04    0.149E-02
  0.0080    5.56   -0.541E-01   -0.378E-04   -0.234E-05    0.514E-01   -0.194E-03    0.218E-04    0.112E-02     -0.534E-03       1.18    0.328E-04    0.126E-02
  0.0080    6.09   -0.528E-01   -0.378E-04    0.937E-05    0.525E-01    0.479E-04    0.000E+00    0.000E+00      0.102E-03       1.30    0.463E-04    0.111E-02
  0.0080    6.67   -0.745E-01   -0.386E-04    0.454E-05    0.734E-01    0.540E-05    0.000E+00    0.000E+00     -0.109E-04       1.30    0.471E-04    0.128E-02
  0.0080    7.30   -0.929E-01   -0.395E-04    0.137E-06    0.927E-01   -0.329E-04    0.000E+00    0.000E+00     -0.115E-03       1.30    0.481E-04    0.145E-02
  0.0080    8.00   -0.110E+00   -0.402E-04   -0.391E-05    0.109E+00   -0.688E-04    0.000E+00    0.000E+00     -0.219E-03       1.30    0.488E-04    0.159E-02
  0.0200    0.82   -0.754E-02   -0.170E-04    0.684E-03    0.413E-02   -0.113E-03    0.000E+00    0.000E+00     -0.110E-02       0.53    0.178E-04   -0.744E-04
  0.0200    0.90   -0.492E-02   -0.187E-04    0.796E-03    0.603E-02   -0.123E-03    0.000E+00    0.000E+00     -0.118E-02       0.55    0.180E-04   -0.656E-04
  0.0200    0.98   -0.591E-02   -0.216E-04    0.821E-03    0.673E-02   -0.153E-03    0.000E+00    0.000E+00     -0.137E-02       0.54    0.236E-04   -0.612E-04
  0.0200    1.08   -0.571E-02   -0.236E-04    0.735E-03    0.812E-02   -0.204E-03    0.000E+00    0.000E+00     -0.149E-02       0.55    0.288E-04   -0.259E-04
  0.0200    1.18   -0.638E-02   -0.252E-04    0.549E-03    0.842E-02   -0.314E-03    0.000E+00    0.000E+00     -0.160E-02       0.56    0.361E-04    0.703E-04
  0.0200    1.29   -0.851E-02   -0.272E-04    0.505E-03    0.665E-02   -0.372E-03    0.000E+00    0.000E+00     -0.174E-02       0.56    0.397E-04    0.105E-03
  0.0200    1.42   -0.109E-01   -0.284E-04    0.454E-03    0.509E-02   -0.430E-03    0.000E+00    0.000E+00     -0.185E-02       0.58    0.422E-04    0.138E-03
  0.0200    1.55   -0.161E-01   -0.300E-04    0.388E-03    0.138E-01    0.225E-02    0.000E+00    0.000E+00     -0.178E-02       0.58    0.475E-04    0.279E-03
  0.0200    1.70   -0.250E-01   -0.313E-04    0.282E-03    0.181E-01    0.422E-02    0.000E+00    0.000E+00     -0.181E-02       0.59    0.498E-04    0.429E-03
  0.0200    1.86   -0.291E-01   -0.320E-04    0.253E-03    0.252E-01    0.623E-02    0.000E+00    0.000E+00     -0.178E-02       0.62    0.494E-04    0.503E-03
  0.0200    2.04   -0.406E-01   -0.332E-04    0.190E-03    0.304E-01    0.812E-02    0.000E+00    0.000E+00     -0.187E-02       0.63    0.505E-04    0.598E-03
  0.0200    2.23   -0.459E-01   -0.340E-04    0.155E-03    0.363E-01    0.949E-02    0.000E+00    0.000E+00     -0.196E-02       0.65    0.512E-04    0.714E-03
  0.0200    2.45   -0.556E-01   -0.347E-04    0.127E-03    0.411E-01    0.106E-01    0.000E+00    0.000E+00     -0.205E-02       0.68    0.514E-04    0.801E-03
  0.0200    2.68   -0.560E-01   -0.351E-04    0.103E-03    0.437E-01    0.112E-01    0.000E+00    0.000E+00     -0.207E-02       0.72    0.517E-04    0.860E-03
  0.0200    2.94   -0.605E-01   -0.354E-04    0.823E-04    0.450E-01    0.118E-01    0.000E+00    0.000E+00     -0.210E-02       0.77    0.522E-04    0.902E-03
  0.0200    3.22   -0.549E-01   -0.359E-04    0.684E-04    0.419E-01    0.999E-02    0.953E-07    0.297E-06     -0.224E-02       0.81    0.549E-04    0.953E-03
  0.0200    3.52   -0.454E-01   -0.364E-04    0.570E-04    0.382E-01    0.770E-02    0.196E-06    0.628E-06     -0.238E-02       0.85    0.581E-04    0.101E-02
  0.0200    3.86   -0.391E-01   -0.369E-04    0.476E-04    0.338E-01    0.492E-02    0.984E-07    0.557E-06     -0.260E-02       0.89    0.619E-04    0.107E-02
  0.0200    4.23   -0.410E-01   -0.374E-04    0.381E-04    0.353E-01    0.307E-02    0.466E-05    0.449E-06     -0.283E-02       0.93    0.661E-04    0.120E-02
  0.0200    4.63   -0.469E-01   -0.379E-04    0.214E-04    0.454E-01    0.178E-02    0.136E-03    0.147E-03     -0.304E-02       0.97    0.134E-03    0.148E-02
  0.0200    5.07   -0.575E-01   -0.383E-04   -0.246E-05    0.557E-01    0.641E-03    0.416E-03    0.475E-03     -0.291E-02       1.02    0.283E-03    0.194E-02
  0.0200    5.56   -0.523E-01   -0.379E-04    0.912E-05    0.519E-01    0.455E-03    0.182E-03    0.207E-03     -0.963E-03       1.17    0.190E-03    0.208E-02
  0.0200    6.09   -0.513E-01   -0.378E-04    0.174E-04    0.506E-01    0.300E-03    0.000E+00    0.000E+00      0.510E-03       1.30    0.119E-03    0.229E-02
  0.0200    6.67   -0.721E-01   -0.386E-04    0.123E-04    0.717E-01    0.178E-03    0.000E+00    0.000E+00      0.228E-03       1.30    0.120E-03    0.276E-02
  0.0200    7.30   -0.897E-01   -0.395E-04    0.767E-05    0.910E-01    0.685E-04    0.000E+00    0.000E+00     -0.137E-04       1.30    0.121E-03    0.319E-02
  0.0200    8.00   -0.107E+00   -0.402E-04    0.346E-05    0.109E+00   -0.375E-04    0.000E+00    0.000E+00     -0.253E-03       1.30    0.120E-03    0.358E-02
  0.0500    0.82    0.169E-01   -0.170E-04    0.676E-03   -0.115E-01   -0.171E-02    0.000E+00    0.000E+00     -0.568E-02       0.53    0.266E-05   -0.662E-03
  0.0500    0.90    0.244E-01   -0.187E-04    0.799E-03   -0.105E-01   -0.187E-02    0.000E+00    0.000E+00     -0.619E-02       0.55    0.160E-05   -0.706E-03
  0.0500    0.98    0.256E-01   -0.216E-04    0.821E-03   -0.134E-01   -0.218E-02    0.000E+00    0.000E+00     -0.717E-02       0.54    0.426E-05   -0.804E-03
  0.0500    1.08    0.308E-01   -0.236E-04    0.734E-03   -0.127E-01   -0.241E-02    0.000E+00    0.000E+00     -0.781E-02       0.55    0.815E-05   -0.834E-03
  0.0500    1.18    0.325E-01   -0.252E-04    0.551E-03   -0.139E-01   -0.268E-02    0.000E+00    0.000E+00     -0.837E-02       0.56    0.139E-04   -0.795E-03
  0.0500    1.29    0.333E-01   -0.272E-04    0.504E-03   -0.174E-01   -0.292E-02    0.000E+00    0.000E+00     -0.903E-02       0.56    0.158E-04   -0.827E-03
  0.0500    1.42    0.320E-01   -0.284E-04    0.454E-03   -0.200E-01   -0.309E-02    0.000E+00    0.000E+00     -0.947E-02       0.58    0.171E-04   -0.838E-03
  0.0500    1.55    0.293E-01   -0.300E-04    0.388E-03   -0.128E-01   -0.552E-03    0.000E+00    0.000E+00     -0.985E-02       0.58    0.209E-04   -0.753E-03
  0.0500    1.70    0.223E-01   -0.313E-04    0.282E-03   -0.965E-02    0.128E-02    0.000E+00    0.000E+00     -0.102E-01       0.59    0.220E-04   -0.649E-03
  0.0500    1.86    0.193E-01   -0.320E-04    0.253E-03   -0.311E-02    0.323E-02    0.000E+00    0.000E+00     -0.104E-01       0.62    0.211E-04   -0.597E-03
  0.0500    2.04    0.953E-02   -0.332E-04    0.190E-03    0.102E-02    0.501E-02    0.000E+00    0.000E+00     -0.108E-01       0.63    0.212E-04   -0.543E-03
  0.0500    2.23    0.541E-02   -0.340E-04    0.155E-03    0.626E-02    0.630E-02    0.000E+00    0.000E+00     -0.111E-01       0.65    0.212E-04   -0.455E-03
  0.0500    2.45   -0.324E-02   -0.347E-04    0.127E-03    0.104E-01    0.732E-02    0.000E+00    0.000E+00     -0.114E-01       0.68    0.207E-04   -0.391E-03
  0.0500    2.68   -0.296E-02   -0.351E-04    0.103E-03    0.127E-01    0.795E-02    0.000E+00    0.000E+00     -0.115E-01       0.72    0.206E-04   -0.347E-03
  0.0500    2.94   -0.700E-02   -0.354E-04    0.823E-04    0.136E-01    0.844E-02    0.000E+00    0.000E+00     -0.116E-01       0.77    0.209E-04   -0.315E-03
  0.0500    3.22   -0.670E-03   -0.359E-04    0.684E-04    0.102E-01    0.662E-02    0.297E-06    0.953E-07     -0.119E-01       0.81    0.231E-04   -0.282E-03
  0.0500    3.52    0.955E-02   -0.364E-04    0.570E-04    0.594E-02    0.428E-02    0.628E-06    0.196E-06     -0.122E-01       0.85    0.259E-04   -0.245E-03
  0.0500    3.86    0.166E-01   -0.369E-04    0.476E-04    0.114E-02    0.146E-02    0.557E-06    0.984E-07     -0.125E-01       0.89    0.292E-04   -0.199E-03
  0.0500    4.23    0.155E-01   -0.374E-04    0.381E-04    0.221E-02   -0.437E-03    0.449E-06    0.466E-05     -0.129E-01       0.93    0.330E-04   -0.863E-04
  0.0500    4.63    0.104E-01   -0.379E-04    0.214E-04    0.118E-01   -0.178E-02    0.147E-03    0.894E-04     -0.132E-01       0.97    0.100E-03    0.180E-03
  0.0500    5.07   -0.749E-02   -0.383E-04   -0.127E-05    0.277E-01   -0.262E-02    0.475E-03    0.266E-03     -0.123E-01       1.02    0.265E-03    0.999E-03
  0.0500    5.56   -0.491E-01   -0.379E-04    0.183E-04    0.562E-01   -0.670E-03    0.207E-03    0.116E-03     -0.442E-02       1.17    0.280E-03    0.333E-02
  0.0500    6.09   -0.830E-01   -0.378E-04    0.329E-04    0.813E-01    0.800E-03    0.000E+00    0.000E+00      0.164E-02       1.30    0.292E-03    0.529E-02
  0.0500    6.67   -0.962E-01   -0.386E-04    0.294E-04    0.945E-01    0.588E-03    0.000E+00    0.000E+00      0.113E-02       1.30    0.298E-03    0.611E-02
  0.0500    7.30   -0.108E+00   -0.395E-04    0.263E-04    0.108E+00    0.397E-03    0.000E+00    0.000E+00      0.685E-03       1.30    0.303E-03    0.686E-02
  0.0500    8.00   -0.120E+00   -0.402E-04    0.233E-04    0.120E+00    0.206E-03    0.000E+00    0.000E+00      0.369E-03       1.30    0.308E-03    0.753E-02
