#    Z       m        H              D           He3            He4          C12           O16            Ne20       Mg24          Si28        S32           Ca40         Fe56         Mrem     C13s           N14s
  0.0000   11.00   -0.116E+00   -0.419E-04   -0.241E-04    0.124E+00    0.160E-02       0.000E+00    0.000E+00    0.000E+00    0.146E-02    0.249E-03    0.000E+00    0.286E-06      1.40    0.146E-04    0.181E-06
  0.0000   12.00   -0.138E+00   -0.428E-04   -0.249E-04    0.119E+00    0.358E-02       0.556E-02    0.213E-03    0.320E-03    0.208E-02    0.710E-03    0.118E-03    0.238E-06      1.30    0.697E-05    0.182E-06
  0.0000   13.00   -0.158E+00   -0.436E-04   -0.256E-04    0.115E+00    0.526E-02       0.105E-01    0.234E-02    0.115E-02    0.259E-02    0.110E-02    0.232E-03    0.198E-06      1.20    0.481E-06    0.182E-06
  0.0000   15.00   -0.170E+00   -0.435E-04   -0.256E-04    0.102E+00    0.967E-02       0.267E-01    0.619E-02    0.223E-02    0.454E-02    0.172E-02    0.279E-03    0.287E-06      1.40    0.659E-06    0.242E-06
  0.0000   18.00   -0.123E+00   -0.392E-04   -0.189E-04    0.114E+00    0.611E-02       0.167E-02    0.162E-01    0.328E-02    0.611E-02    0.342E-02    0.700E-03    0.553E-06      3.30    0.894E-06    0.377E-06
  0.0000   19.00   -0.123E+00   -0.388E-04   -0.210E-04    0.116E+00    0.800E-02       0.268E-01    0.188E-01    0.355E-02    0.647E-02    0.386E-02    0.805E-03    0.621E-06      3.65    0.958E-06    0.413E-06
  0.0000   20.00   -0.124E+00   -0.384E-04   -0.228E-04    0.118E+00    0.985E-02       0.402E-01    0.212E-01    0.380E-02    0.685E-02    0.426E-02    0.905E-03    0.685E-06      4.00    0.102E-05    0.444E-06
  0.0000   22.00   -0.241E+00   -0.449E-04   -0.268E-04    0.909E-01    0.126E-01       0.841E-01    0.253E-01    0.423E-02    0.750E-02    0.495E-02    0.108E-02    0.795E-06      1.40    0.111E-05    0.500E-06
  0.0000   25.00   -0.242E+00   -0.445E-04   -0.266E-04    0.830E-01    0.169E-01       0.932E-01    0.204E-01    0.370E-02    0.924E-02    0.424E-02    0.700E-03    0.476E-06      1.80    0.159E-05    0.832E-05
  0.0000   30.00   -0.291E+00   -0.458E-04   -0.274E-04    0.740E-01    0.116E-01       0.145E+00    0.347E-01    0.817E-02    0.410E-02    0.152E-02    0.583E-03    0.160E-06      1.40    0.377E-05    0.118E-03
  0.0000   35.00   -0.307E+00   -0.457E-04   -0.274E-04    0.673E-01    0.115E-01       0.159E+00    0.349E-01    0.671E-02    0.597E-02    0.256E-02    0.500E-03    0.571E-06      1.70    0.731E-06    0.219E-06
  0.0000   40.00   -0.339E+00   -0.458E-04   -0.275E-04    0.635E-01    0.120E-01       0.181E+00    0.395E-01    0.568E-02    0.855E-07    0.405E-03    0.770E-03    0.161E-06      1.80    0.410E-06    0.170E-06
  0.0000   60.00   -0.411E+00   -0.462E-04   -0.278E-04    0.548E-01    0.132E-01       0.233E+00    0.503E-01    0.325E-02    0.146E-07    0.753E-04    0.140E-04    0.000E+00      2.20    0.000E+00    0.000E+00
  0.0000  100.00   -0.470E+00   -0.466E-04   -0.281E-04    0.478E-01    0.142E-01       0.274E+00    0.590E-01    0.131E-02    0.194E-11    0.103E-05    0.190E-05    0.000E+00      3.00    0.000E+00    0.000E+00
  0.0001   11.00   -0.128E+00   -0.426E-04    0.873E-07    0.993E-01    0.497E-02       0.839E-02    0.464E-02    0.466E-03    0.409E-02    0.339E-02    0.858E-03    0.278E-05      1.24    0.312E-06    0.585E-05
  0.0001   12.00   -0.139E+00   -0.426E-04   -0.101E-05    0.106E+00    0.681E-02       0.120E-01    0.275E-02    0.586E-03    0.382E-02    0.258E-02    0.599E-03    0.233E-05      1.34    0.324E-06    0.928E-05
  0.0001   13.00   -0.148E+00   -0.427E-04   -0.194E-05    0.110E+00    0.837E-02       0.150E-01    0.135E-02    0.687E-03    0.360E-02    0.190E-02    0.381E-03    0.194E-05      1.44    0.334E-06    0.121E-04
  0.0001   15.00   -0.167E+00   -0.429E-04   -0.317E-05    0.117E+00    0.972E-02       0.268E-01    0.247E-02    0.129E-02    0.417E-02    0.192E-02    0.361E-03    0.187E-05      1.60    0.524E-06    0.134E-04
  0.0001   18.00   -0.203E+00   -0.437E-04   -0.548E-05    0.118E+00    0.115E-01       0.476E-01    0.108E-01    0.257E-02    0.550E-02    0.259E-02    0.446E-03    0.200E-05      1.60    0.604E-06    0.126E-04
  0.0001   19.00   -0.212E+00   -0.435E-04   -0.579E-05    0.112E+00    0.110E-01       0.636E-01    0.663E-02    0.166E-02    0.900E-02    0.502E-02    0.703E-03    0.199E-05      1.79    0.624E-06    0.124E-04
  0.0001   20.00   -0.221E+00   -0.433E-04   -0.614E-05    0.107E+00    0.106E-01       0.780E-01    0.284E-02    0.827E-03    0.121E-01    0.720E-02    0.933E-03    0.198E-05      1.97    0.642E-06    0.123E-04
  0.0001   22.00   -0.237E+00   -0.436E-04   -0.679E-05    0.114E+00    0.119E-01       0.831E-01    0.243E-02    0.203E-02    0.134E-01    0.713E-02    0.962E-03    0.185E-05      2.02    0.776E-06    0.129E-04
  0.0001   25.00   -0.272E+00   -0.444E-04   -0.811E-05    0.116E+00    0.115E-01       0.112E+00    0.252E-02    0.271E-02    0.149E-01    0.732E-02    0.762E-03    0.199E-05      1.87    0.649E-06    0.136E-04
  0.0001   30.00   -0.305E+00   -0.446E-04   -0.950E-05    0.110E+00    0.108E-01       0.146E+00    0.134E-01    0.893E-02    0.946E-02    0.311E-02    0.558E-03    0.176E-05      2.14    0.499E-06    0.142E-04
  0.0001   35.00   -0.322E+00   -0.443E-04   -0.994E-05    0.112E+00    0.102E-01       0.160E+00    0.252E-01    0.939E-02    0.514E-02    0.202E-02    0.284E-03    0.160E-05      2.73    0.458E-06    0.153E-04
  0.0001   40.00   -0.322E+00   -0.429E-04   -0.987E-05    0.121E+00    0.101E-01       0.155E+00    0.323E-01    0.702E-02    0.778E-03    0.115E-04   -0.164E-05    0.139E-05      4.25    0.411E-06    0.162E-04
  0.0001   60.00   -0.346E+00   -0.412E-04   -0.115E-04    0.872E-01    0.829E-02       0.124E+00    0.360E-01    0.289E-02    0.403E-04    0.000E+00    0.000E+00    0.879E-06      8.47    0.292E-06    0.179E-04
  0.0001  100.00   -0.368E+00   -0.400E-04   -0.130E-04    0.513E-01    0.659E-02       0.969E-01    0.374E-01    0.120E-02    0.000E+00    0.000E+00    0.000E+00    0.472E-06     16.57    0.194E-06    0.193E-04
  0.0004   11.00   -0.122E+00   -0.420E-04    0.670E-05    0.103E+00    0.640E-02       0.658E-02    0.000E+00    0.522E-04    0.186E-02    0.440E-03    0.238E-04    0.239E-05      1.37    0.412E-06    0.165E-05
  0.0004   12.00   -0.138E+00   -0.424E-04    0.524E-05    0.106E+00    0.745E-02       0.117E-01    0.823E-03    0.451E-03    0.260E-02    0.116E-02    0.211E-03    0.293E-05      1.41    0.409E-06    0.842E-05
  0.0004   13.00   -0.151E+00   -0.426E-04    0.400E-05    0.109E+00    0.833E-02       0.160E-01    0.205E-02    0.832E-03    0.317E-02    0.165E-02    0.370E-03    0.251E-05      1.45    0.405E-06    0.140E-04
  0.0004   15.00   -0.175E+00   -0.430E-04    0.255E-05    0.117E+00    0.981E-02       0.280E-01    0.291E-02    0.139E-02    0.488E-02    0.230E-02    0.424E-03    0.281E-05      1.56    0.500E-06    0.164E-04
  0.0004   18.00   -0.210E+00   -0.438E-04    0.323E-06    0.121E+00    0.109E-01       0.527E-01    0.104E-01    0.220E-02    0.560E-02    0.310E-02    0.545E-03    0.308E-05      1.58    0.617E-06    0.145E-04
  0.0004   19.00   -0.218E+00   -0.435E-04   -0.125E-06    0.114E+00    0.107E-01       0.677E-01    0.658E-02    0.158E-02    0.910E-02    0.536E-02    0.740E-03    0.309E-05      1.78    0.634E-06    0.144E-04
  0.0004   20.00   -0.224E+00   -0.432E-04   -0.529E-06    0.107E+00    0.106E-01       0.808E-01    0.295E-02    0.980E-03    0.122E-01    0.739E-02    0.913E-03    0.304E-05      1.98    0.660E-06    0.142E-04
  0.0004   22.00   -0.244E+00   -0.435E-04   -0.122E-05    0.116E+00    0.111E-01       0.880E-01    0.186E-02    0.240E-02    0.141E-01    0.672E-02    0.870E-03    0.290E-05      2.04    0.723E-06    0.153E-04
  0.0004   25.00   -0.279E+00   -0.444E-04   -0.271E-05    0.121E+00    0.110E-01       0.113E+00    0.176E-02    0.152E-02    0.154E-01    0.819E-02    0.769E-03    0.305E-05      1.87    0.700E-06    0.166E-04
  0.0004   30.00   -0.309E+00   -0.445E-04   -0.416E-05    0.113E+00    0.104E-01       0.148E+00    0.126E-01    0.934E-02    0.103E-01    0.326E-02    0.583E-03    0.269E-05      2.21    0.556E-06    0.180E-04
  0.0004   35.00   -0.334E+00   -0.447E-04   -0.506E-05    0.112E+00    0.994E-02       0.161E+00    0.264E-01    0.945E-02    0.765E-02    0.316E-02    0.570E-03    0.257E-05      2.41    0.530E-06    0.201E-04
  0.0004   40.00   -0.326E+00   -0.427E-04   -0.467E-05    0.127E+00    0.972E-02       0.155E+00    0.333E-01    0.699E-02    0.673E-03   -0.814E-06   -0.686E-05    0.776E-05      4.42    0.509E-06    0.224E-04
  0.0004   60.00   -0.308E+00   -0.381E-04   -0.384E-05    0.161E+00    0.934E-02       0.139E+00    0.495E-01    0.126E-02    0.000E+00    0.000E+00    0.000E+00    0.135E-05     12.40    0.458E-06    0.279E-04
  0.0004  100.00   -0.293E+00   -0.344E-04   -0.306E-05    0.189E+00    0.113E-01       0.127E+00    0.625E-01    0.000E+00    0.000E+00    0.000E+00    0.000E+00    0.601E-06     28.40    0.418E-06    0.322E-04
  0.0040   11.00   -0.116E+00   -0.417E-04    0.135E-04    0.102E+00    0.564E-02      -0.122E-03    0.000E+00   -0.200E-03    0.129E-03   -0.148E-04   -0.198E-04    0.150E-03      1.44    0.808E-05    0.105E-02
  0.0040   12.00   -0.139E+00   -0.425E-04    0.120E-04    0.103E+00    0.683E-02       0.111E-01    0.304E-02    0.181E-03    0.298E-02    0.159E-02    0.272E-03    0.154E-03      1.37    0.790E-05    0.353E-03
  0.0040   13.00   -0.157E+00   -0.431E-04    0.107E-04    0.105E+00    0.792E-02       0.206E-01    0.327E-02    0.989E-03    0.485E-02    0.226E-02    0.317E-03    0.154E-03      1.33    0.823E-05    0.478E-03
  0.0040   15.00   -0.178E+00   -0.433E-04    0.933E-05    0.109E+00    0.906E-02       0.364E-01    0.524E-02    0.118E-02    0.493E-02    0.237E-02    0.359E-03    0.149E-03      1.48    0.817E-05    0.488E-03
  0.0040   18.00   -0.211E+00   -0.435E-04    0.696E-05    0.115E+00    0.121E-01       0.546E-01    0.119E-01    0.388E-02    0.702E-02    0.259E-02    0.357E-03    0.145E-03      1.70    0.704E-05    0.434E-03
  0.0040   19.00   -0.225E+00   -0.434E-04    0.608E-05    0.106E+00    0.120E-01       0.616E-01    0.853E-02    0.307E-02    0.912E-02    0.415E-02    0.543E-03    0.141E-03      1.81    0.646E-05    0.417E-03
  0.0040   20.00   -0.226E+00   -0.432E-04    0.602E-05    0.107E+00    0.116E-01       0.770E-01    0.485E-02    0.216E-02    0.118E-01    0.648E-02    0.838E-03    0.139E-03      1.98    0.615E-05    0.412E-03
  0.0040   22.00   -0.246E+00   -0.434E-04    0.542E-05    0.109E+00    0.100E-01       0.962E-01    0.180E-02    0.604E-03    0.149E-01    0.820E-02    0.937E-03    0.136E-03      2.11    0.561E-05    0.419E-03
  0.0040   25.00   -0.275E+00   -0.442E-04    0.376E-05    0.111E+00    0.104E-01       0.116E+00    0.333E-02    0.821E-03    0.153E-01    0.824E-02    0.770E-03    0.134E-03      2.00    0.507E-05    0.454E-03
  0.0040   30.00   -0.317E+00   -0.448E-04    0.197E-05    0.114E+00    0.951E-02       0.147E+00    0.201E-01    0.107E-01    0.717E-02    0.216E-02    0.312E-03    0.128E-03      2.00    0.418E-05    0.501E-03
  0.0040   35.00   -0.323E+00   -0.436E-04    0.160E-05    0.113E+00    0.894E-02       0.164E+00    0.232E-01    0.938E-02    0.296E-02    0.755E-04   -0.627E-04    0.120E-03      3.24    0.352E-05    0.526E-03
  0.0040   40.00   -0.331E+00   -0.425E-04    0.556E-06    0.123E+00    0.934E-02       0.154E+00    0.360E-01    0.628E-02    0.655E-03   -0.382E-04   -0.617E-04    0.110E-03      4.56    0.291E-05    0.550E-03
  0.0040   60.00   -0.352E+00   -0.401E-04   -0.141E-05    0.147E+00    0.102E-01       0.132E+00    0.657E-01    0.000E+00    0.000E+00    0.000E+00   -0.592E-04    0.858E-04      9.85    0.145E-05    0.609E-03
  0.0040  100.00   -0.370E+00   -0.382E-04   -0.318E-05    0.165E+00    0.110E-01       0.114E+00    0.893E-01    0.000E+00    0.000E+00    0.000E+00   -0.572E-04    0.668E-04     20.40    0.295E-06    0.656E-03
  0.0080   11.00   -0.115E+00   -0.418E-04    0.118E-04    0.101E+00    0.478E-02       0.112E-02    0.898E-10   -0.309E-03    0.476E-03    0.679E-04   -0.722E-04    0.351E-03      1.41    0.217E-04    0.138E-02
  0.0080   12.00   -0.137E+00   -0.426E-04    0.103E-04    0.102E+00    0.614E-02       0.109E-01    0.712E-02   -0.677E-04    0.402E-02    0.263E-02    0.416E-03    0.356E-03      1.36    0.209E-04    0.768E-03
  0.0080   13.00   -0.153E+00   -0.430E-04    0.919E-05    0.104E+00    0.746E-02       0.188E-01    0.331E-02    0.679E-03    0.464E-02    0.205E-02    0.218E-03    0.348E-03      1.36    0.218E-04    0.101E-02
  0.0080   15.00   -0.177E+00   -0.433E-04    0.764E-05    0.107E+00    0.878E-02       0.367E-01    0.578E-02    0.950E-03    0.542E-02    0.269E-02    0.362E-03    0.343E-03      1.47    0.212E-04    0.102E-02
  0.0080   18.00   -0.210E+00   -0.434E-04    0.548E-05    0.111E+00    0.119E-01       0.547E-01    0.128E-01    0.329E-02    0.703E-02    0.255E-02    0.272E-03    0.332E-03      1.71    0.176E-04    0.863E-03
  0.0080   19.00   -0.220E+00   -0.433E-04    0.467E-05    0.103E+00    0.120E-01       0.632E-01    0.779E-02    0.225E-02    0.103E-01    0.466E-02    0.492E-03    0.325E-03      1.85    0.159E-04    0.813E-03
  0.0080   20.00   -0.224E+00   -0.432E-04    0.460E-05    0.102E+00    0.107E-01       0.799E-01    0.495E-02    0.163E-02    0.124E-01    0.662E-02    0.716E-03    0.319E-03      2.00    0.149E-04    0.809E-03
  0.0080   22.00   -0.244E+00   -0.434E-04    0.389E-05    0.104E+00    0.960E-02       0.973E-01    0.215E-02    0.543E-03    0.151E-01    0.795E-02    0.810E-03    0.312E-03      2.09    0.136E-04    0.834E-03
  0.0080   25.00   -0.274E+00   -0.441E-04    0.246E-05    0.106E+00    0.103E-01       0.118E+00    0.644E-02    0.335E-03    0.145E-01    0.744E-02    0.653E-03    0.306E-03      2.02    0.118E-04    0.880E-03
  0.0080   30.00   -0.314E+00   -0.448E-04    0.690E-06    0.108E+00    0.885E-02       0.149E+00    0.187E-01    0.997E-02    0.791E-02    0.230E-02    0.251E-03    0.293E-03      1.99    0.980E-05    0.986E-03
  0.0080   35.00   -0.326E+00   -0.440E-04    0.743E-08    0.106E+00    0.830E-02       0.162E+00    0.237E-01    0.870E-02    0.290E-02    0.270E-04   -0.129E-03    0.275E-03      2.94    0.792E-05    0.103E-02
  0.0080   40.00   -0.330E+00   -0.423E-04   -0.910E-06    0.115E+00    0.862E-02       0.151E+00    0.347E-01    0.578E-02    0.719E-03   -0.992E-04   -0.124E-03    0.246E-03      4.78    0.611E-05    0.105E-02
  0.0080   60.00   -0.344E+00   -0.382E-04   -0.310E-05    0.135E+00    0.934E-02       0.126E+00    0.602E-01   -0.539E-03    0.000E+00    0.000E+00   -0.115E-03    0.181E-03     12.20    0.187E-05    0.110E-02
  0.0080  100.00   -0.354E+00   -0.351E-04   -0.480E-05    0.152E+00    0.992E-02       0.105E+00    0.807E-01    0.000E+00    0.000E+00    0.000E+00   -0.107E-03    0.128E-03     26.90   -0.152E-05    0.114E-02
  0.0200   11.00   -0.111E+00   -0.422E-04    0.657E-05    0.963E-01    0.220E-02       0.480E-02    0.284E-02   -0.647E-03    0.152E-02    0.311E-03   -0.232E-03    0.956E-03      1.32    0.625E-04    0.237E-02
  0.0200   12.00   -0.130E+00   -0.427E-04    0.511E-05    0.969E-01    0.404E-02       0.985E-02    0.193E-01   -0.820E-03    0.711E-02    0.573E-02    0.844E-03    0.963E-03      1.32    0.598E-04    0.202E-02
  0.0200   13.00   -0.139E+00   -0.426E-04    0.456E-05    0.102E+00    0.611E-02       0.133E-01    0.343E-02   -0.239E-03    0.404E-02    0.142E-02   -0.774E-04    0.931E-03      1.46    0.626E-04    0.262E-02
  0.0200   15.00   -0.172E+00   -0.434E-04    0.256E-05    0.997E-01    0.802E-02       0.376E-01    0.740E-02    0.251E-03    0.686E-02    0.364E-02    0.371E-03    0.926E-03      1.43    0.604E-04    0.260E-02
  0.0200   18.00   -0.202E+00   -0.433E-04    0.947E-06    0.100E+00    0.111E-01       0.550E-01    0.154E-01    0.154E-02    0.714E-02    0.245E-02    0.180E-04    0.896E-03      1.76    0.495E-04    0.216E-02
  0.0200   19.00   -0.205E+00   -0.430E-04    0.548E-06    0.928E-01    0.123E-01       0.676E-01    0.558E-02   -0.193E-03    0.141E-01    0.621E-02    0.352E-03    0.878E-03      1.98    0.446E-04    0.202E-02
  0.0200   20.00   -0.220E+00   -0.431E-04    0.287E-06    0.885E-01    0.796E-02       0.893E-01    0.525E-02    0.491E-04    0.139E-01    0.702E-02    0.356E-03    0.861E-03      2.06    0.411E-04    0.200E-02
  0.0200   22.00   -0.240E+00   -0.436E-04   -0.701E-06    0.908E-01    0.823E-02       0.100E+00    0.319E-02    0.356E-03    0.157E-01    0.723E-02    0.423E-03    0.841E-03      2.02    0.375E-04    0.206E-02
  0.0200   25.00   -0.270E+00   -0.440E-04   -0.144E-05    0.925E-01    0.101E-01       0.122E+00    0.158E-01   -0.113E-02    0.121E-01    0.504E-02    0.301E-03    0.821E-03      2.07    0.320E-04    0.216E-02
  0.0200   30.00   -0.309E+00   -0.449E-04   -0.319E-05    0.886E-01    0.686E-02       0.155E+00    0.144E-01    0.782E-02    0.100E-01    0.272E-02    0.692E-04    0.787E-03      1.94    0.265E-04    0.244E-02
  0.0200   35.00   -0.335E+00   -0.452E-04   -0.472E-05    0.801E-01    0.632E-02       0.158E+00    0.254E-01    0.661E-02    0.271E-02   -0.132E-03   -0.335E-03    0.738E-03      2.03    0.205E-04    0.254E-02
  0.0200   40.00   -0.331E+00   -0.415E-04   -0.570E-05    0.867E-01    0.648E-02       0.143E+00    0.310E-01    0.429E-02    0.916E-03   -0.274E-03   -0.308E-03    0.658E-03      5.45    0.161E-04    0.257E-02
  0.0200   60.00   -0.322E+00   -0.327E-04   -0.800E-05    0.102E+00    0.687E-02       0.109E+00    0.442E-01   -0.112E-02    0.000E+00    0.000E+00   -0.245E-03    0.472E-03     19.10    0.571E-05    0.267E-02
  0.0200  100.00   -0.314E+00   -0.257E-04   -0.982E-05    0.114E+00    0.718E-02       0.809E-01    0.546E-01    0.000E+00    0.000E+00    0.000E+00   -0.194E-03    0.324E-03     46.50   -0.254E-05    0.274E-02
  0.0500   11.00   -0.999E-01   -0.432E-04   -0.658E-05    0.841E-01   -0.440E-02       0.136E-01    0.991E-02   -0.157E-02    0.409E-02    0.891E-03   -0.649E-03    0.246E-02      1.09    0.164E-03    0.480E-02
  0.0500   12.00   -0.112E+00   -0.431E-04   -0.789E-05    0.840E-01   -0.126E-02       0.719E-02    0.499E-01   -0.273E-02    0.148E-01    0.135E-01    0.191E-02    0.248E-02      1.22    0.156E-03    0.514E-02
  0.0500   13.00   -0.107E+00   -0.417E-04   -0.703E-05    0.973E-01    0.287E-02      -0.565E-04    0.374E-02   -0.247E-02    0.254E-02   -0.127E-03   -0.798E-03    0.239E-02      1.71    0.165E-03    0.669E-02
  0.0500   15.00   -0.159E+00   -0.437E-04   -0.102E-04    0.812E-01    0.610E-02       0.396E-01    0.115E-01   -0.152E-02    0.105E-01    0.599E-02    0.389E-03    0.238E-02      1.33    0.158E-03    0.656E-02
  0.0500   18.00   -0.184E+00   -0.430E-04   -0.104E-04    0.739E-01    0.918E-02       0.563E-01    0.219E-01   -0.281E-02    0.745E-02    0.221E-02   -0.611E-03    0.230E-02      1.89    0.129E-03    0.543E-02
  0.0500   19.00   -0.172E+00   -0.422E-04   -0.974E-05    0.698E-01    0.130E-01       0.790E-01    0.526E-04    0.000E+00    0.236E-01    0.101E-01    0.163E-04    0.226E-02      2.31    0.117E-03    0.506E-02
  0.0500   20.00   -0.209E+00   -0.427E-04   -0.105E-04    0.543E-01    0.123E-02       0.113E+00    0.600E-02    0.000E+00    0.179E-01    0.805E-02   -0.537E-03    0.222E-02      2.21    0.107E-03    0.500E-02
  0.0500   22.00   -0.228E+00   -0.440E-04   -0.122E-04    0.564E-01    0.476E-02       0.108E+00    0.577E-02   -0.140E-03    0.173E-01    0.542E-02   -0.550E-03    0.216E-02      1.84    0.965E-04    0.512E-02
  0.0500   25.00   -0.260E+00   -0.438E-04   -0.112E-04    0.584E-01    0.976E-02       0.134E+00    0.391E-01    0.000E+00    0.609E-02   -0.942E-03   -0.574E-03    0.211E-02      2.20    0.831E-04    0.537E-02
  0.0500   30.00   -0.293E+00   -0.451E-04   -0.129E-04    0.375E-01    0.185E-02       0.168E+00    0.363E-02    0.243E-02    0.154E-01    0.377E-02   -0.386E-03    0.202E-02      1.81    0.682E-04    0.605E-02
  0.0500   35.00   -0.256E+00   -0.411E-04   -0.122E-04    0.585E-01    0.206E-02       0.150E+00    0.294E-01    0.178E-02    0.237E-02   -0.376E-03   -0.754E-03    0.191E-02      5.00    0.588E-04    0.656E-02
  0.0500   40.00   -0.334E+00   -0.394E-04   -0.177E-04    0.184E-01    0.141E-02       0.124E+00    0.216E-01    0.703E-03    0.146E-02   -0.653E-03   -0.730E-03    0.169E-02      7.13    0.434E-04    0.649E-02
  0.0500   60.00   -0.249E+00   -0.189E-04   -0.114E-04    0.353E-01    0.249E-02       0.710E-01    0.417E-02   -0.155E-02    0.000E+00    0.000E+00   -0.328E-03    0.124E-02     36.35    0.324E-04    0.725E-02
  0.0500  100.00   -0.284E-01   -0.216E-05   -0.131E-05    0.502E-01    0.342E-02       0.282E-01    0.000E+00    0.000E+00    0.000E+00    0.000E+00    0.400E-06    0.874E-03     95.50    0.240E-04    0.789E-02
